WazaId	ChargeFrame	AttackLoopFrame	SpawnOrigin	SpawnLocator	SpawnOffsetX	SpawnOffsetY	SpawnOffsetZ	ShotDirection	CorrectTargetType	ImpactMotionSpeed	PlayWazaMoveType	WazaRangeMin	WazaRangeMax	HeightTolerance	EffectiveRange	MinShootNum	MaxShootNum	HitPer	WazaRecastTime	EffectTime	EffectValue	AddMegaPowerValue	PlayedMotionSpeed	OverwriteBulletId1	ReplaceBulletId1	OverwriteBulletId2	ReplaceBulletId2	OverwriteBulletId3	ReplaceBulletId3	OverwriteBulletId4	ReplaceBulletId4	OverwriteBulletId5	ReplaceBulletId5	BulletCorrectScale
999	0	0	0	eff_rangeattack01	0	0	0	0	0	1	0	0	1	0	99	1	1	100	0	0	0	0	1	0	0	0	0	0	0	0	0	0	0	1
7	10	20	0	eff_front01	0	0	0.5	0	0	2	1	0.5	2	2	99	1	1	100	7	0	0	5.75	1	0	0	0	0	0	0	0	0	0	0	1
8	10	20	0	eff_front01	0	0	0.5	0	0	2	1	0.5	2	2	99	1	1	100	7	0	0	5.75	1	0	0	0	0	0	0	0	0	0	0	1
9	10	20	0	eff_front01	0	0	0.5	0	0	2	1	0.5	2	2	99	1	1	100	7	0	0	5.75	1	0	0	0	0	0	0	0	0	0	0	1
14	25	20	0	eff_center01	0	0	0	0	0	1	0	0	99	0	99	1	1	100	15	20	0	5.75	1	0	0	0	0	0	0	0	0	0	0	1
16	12	10	1	origin	0	0	0	0	0	1	3	1	99	0	99	1	1	100	6	0	0	5.75	1	0	0	0	0	0	0	0	0	0	0	1
17	10	20	0	eff_front01	0	0	0.5	0	0	1	1	0.5	2	2	99	1	1	100	6	0	0	5.75	1	0	0	0	0	0	0	0	0	0	0	1
18	25	20	0	eff_rangeattack02	0	0	0	0	0	1	3	1	99	0	12	1	1	100	7	0	0	5.75	1	0	0	0	0	0	0	0	0	0	0	1
19	40	20	7	origin	0	0	0	0	0	1	1	0.5	8	2	7	1	1	100	12	0	0	5.75	1	0	0	0	0	0	0	0	0	0	0	1
22	10	20	0	eff_front01	0	0	0.5	0	0	2	1	0.5	2	2	99	1	1	100	6	0	0	5.75	1	0	0	0	0	0	0	0	0	0	0	1
29	15	20	0	eff_front01	0	0	0.5	0	0	1	1	0.5	2	2	99	1	1	100	7	0	0	5.75	1	0	0	0	0	0	0	0	0	0	0	1
33	1	20	0	eff_front01	0	0	0.5	0	0	1	1	0.5	1.5	2	99	1	1	100	4	0	0	5.75	1	0	0	0	0	0	0	0	0	0	0	1
34	15	20	0	origin	0	0	2	0	0	2	1	0	2	2	99	1	1	100	8	0	0	5.75	1	0	0	0	0	0	0	0	0	0	0	1
36	15	24	0	origin	0	0	0	0	0	1	1	0	6	2	5	1	1	100	8	0	0	5.75	1	0	0	0	0	0	0	0	0	0	0	1
38	15	20	0	origin	0	0	0	0	0	1	1	0	6	2	5	1	1	100	10	0	0	5.75	1	0	0	0	0	0	0	0	0	0	0	1
39	30	20	0	eff_center01	0	0	3	0	0	1	1	0.5	4	2	3	1	1	100	7	12	0	5.75	1	0	0	0	0	0	0	0	0	0	0	1
40	10	20	0	eff_rangeattack02	0	0	0	0	0	1	3	1	99	0	12	1	1	100	6	0	0	5.75	1	0	0	0	0	0	0	0	0	0	0	1
42	20	30	0	eff_rangeattack02	0	0	0	0	0	1	3	1	99	0	12	5	5	100	6	0	0	5.75	1	0	0	0	0	0	0	0	0	0	0	1
43	30	20	0	eff_front01	0	0	0	0	0	1	1	0.5	4.5	2	3.5	1	1	100	6	12	0	5.75	1	0	0	0	0	0	0	0	0	0	0	1
44	10	20	0	eff_front01	0	0	0.3	0	0	2	1	0.5	2	2	99	1	1	100	6	0	0	5.75	1	0	0	0	0	0	0	0	0	0	0	1
45	30	20	0	eff_front01	0	0	0	0	0	1	1	0.5	2.5	2	1.5	1	1	100	6	12	0	5.75	1	0	0	0	0	0	0	0	0	0	0	1
46	30	20	0	eff_front01	0	0	0	0	0	1	1	0.5	5	2	4	1	1	100	6	0	0	5.75	1	0	0	0	0	0	0	0	0	0	0	1
48	10	30	0	eff_rangeattack02	0	0	0	0	0	1	1	0.5	3	2	2	1	1	100	6	0	0	5.75	1	0	0	0	0	0	0	0	0	0	0	1
52	20	15	0	eff_rangeattack02	0	0	0	0	0	1	3	1	99	0	12	1	1	100	6	0	0	5.75	1	0	0	0	0	0	0	0	0	0	0	1
53	20	30	0	eff_rangeattack02	0	0	0	0	0	1	3	0.5	99	0	4	1	1	100	8	0	0	5.75	1	0	0	0	0	0	0	0	0	0	0	1
54	20	20	4	origin	0	0	0	0	0	1	0	0	99	0	99	1	1	100	10	10	0	5.75	1	0	0	0	0	0	0	0	0	0	0	1
55	20	15	0	eff_rangeattack02	0	0	0	0	0	1	3	1	99	0	12	1	1	100	6	0	0	5.75	1	0	0	0	0	0	0	0	0	0	0	1
56	50	50	0	eff_rangeattack02	0	0	0	0	0	1	3	0	99	0	19	1	1	100	12	0	0	5.75	1	0	0	0	0	0	0	0	0	0	0	1
3014	50	50	0	eff_rangeattack02	0	0.04	0	0	0	1	3	0	99	0	19	1	1	100	12	0	0	5.75	1	1961	79	0	0	0	0	0	0	0	0	1
57	20	43	0	origin	0	0.04	0	0	0	1	1	0	6	2	5	1	1	100	8	0	0	5.75	1	0	0	0	0	0	0	0	0	0	0	1
58	30	45	0	eff_rangeattack02	0	0	0	0	0	1	3	0	99	0	19	1	1	100	8	0	0	5.75	1	0	0	0	0	0	0	0	0	0	0	1
59	35	30	1	origin	0	0	0	0	0	1	3	1	99	0	99	1	1	100	12	0	0	5.75	1	0	0	0	0	0	0	0	0	0	0	1
60	30	30	0	eff_rangeattack02	0	0	0	0	0	1	3	0	99	0	19	1	1	100	6	0	0	5.75	1	0	0	0	0	0	0	0	0	0	0	1
61	15	20	0	eff_rangeattack02	0	0	0	0	0	1	3	0.5	99	0	5	1	1	100	6	8	0	5.75	1	0	0	0	0	0	0	0	0	0	0	1
63	35	60	0	eff_rangeattack02	0	0	0	0	0	1	3	0	99	0	19	1	1	100	20	0	0	5.75	1	0	0	0	0	0	0	0	0	0	0	1
64	10	20	0	eff_front01	0	0	0.5	0	0	2	1	0.5	2	2	99	1	1	100	6	0	0	5.75	1	0	0	0	0	0	0	0	0	0	0	1
71	10	25	0	eff_front01	0	0	0.5	0	0	1	1	0.5	3	2	99	1	1	100	7	0	0	5.75	1	0	0	0	0	0	0	0	0	0	0	1
73	20	10	0	eff_rangeattack02	0	0	0	0	0	1	3	1	99	0	15	1	1	100	12	0	0	5.75	1	0	0	0	0	0	0	0	0	0	0	1
74	40	20	0	eff_center01	0	0	0	0	0	1	0	0	99	0	99	1	1	100	15	12	0	5.75	1	0	0	0	0	0	0	0	0	0	0	1
75	15	20	0	eff_rangeattack02	0	0	0	0	0	1	3	0.5	99	0	2	1	1	100	6	0	0	5.75	1	0	0	0	0	0	0	0	0	0	0	1
76	70	30	0	eff_rangeattack02	0	0	0	0	0	1	3	0	99	0	19	1	1	100	12	0	0	5.75	1	0	0	0	0	0	0	0	0	0	0	1
77	15	30	0	eff_rangeattack02	0	0	0	0	0	1	1	0.5	2	2	1	1	1	100	10	0	0	5.75	1	0	0	0	0	0	0	0	0	0	0	1
78	15	30	0	eff_rangeattack02	0	0	0	0	0	1	1	0.5	2	2	1	1	1	100	10	0	0	5.75	1	0	0	0	0	0	0	0	0	0	0	1
79	15	30	0	eff_rangeattack02	0	0	0	0	0	1	1	0.5	2	2	1	1	1	100	10	0	0	5.75	1	0	0	0	0	0	0	0	0	0	0	1
81	20	20	0	eff_rangeattack02	0	0	0	0	0	1	3	1	99	0	8	1	1	100	9	15	0	5.75	1	0	0	0	0	0	0	0	0	0	0	1
83	10	30	5	origin	0	0	0	0	0	1	3	0.5	99	0	99	1	1	100	7	0	0	5.75	1	0	0	0	0	0	0	0	0	0	0	1
84	25	15	1	eff_center01	0	0	0	0	0	1	3	1	99	0	99	1	1	100	6	0	0	5.75	1	0	0	0	0	0	0	0	0	0	0	1
85	25	20	1	eff_center01	0	0	0	0	0	1	3	1	99	0	99	1	1	100	8	0	0	5.75	1	0	0	0	0	0	0	0	0	0	0	1
86	15	30	0	eff_rangeattack02	0	0	0	0	0	1	3	1	99	0	2.5	1	1	100	10	0	0	5.75	1	0	0	0	0	0	0	0	0	0	0	1
87	30	10	1	origin	0	0	0	0	0	1	3	1	99	0	99	1	1	100	10	0	0	5.75	1	0	0	0	0	0	0	0	0	0	0	1
88	20	30	1	eff_center01	0	5	0	1	0	1	3	1	99	0	99	1	1	100	6	0	0	5.75	1	0	0	0	0	0	0	0	0	0	0	1
89	18	33	4	origin	0	0	0	0	0	1	1	0.5	2	2	99	1	1	100	10	0	0	5.75	1	0	0	0	0	0	0	0	0	0	0	1
91	40	20	6	origin	0	0	0	0	0	1	1	0.5	8	2	7	1	1	100	12	0	0	5.75	1	0	0	0	0	0	0	0	0	0	0	1
92	20	20	5	origin	0	0	0	0	0	1	1	0.5	3	2	2	1	1	100	10	0	0	5.75	1	0	0	0	0	0	0	0	0	0	0	1
93	20	30	1	eff_center01	0	0	0	0	0	1	3	1	99	0	99	1	1	100	6	0	0	5.75	1	0	0	0	0	0	0	0	0	0	0	1
94	20	30	1	eff_center01	0	0	0	0	0	1	3	1	99	0	99	1	1	100	8	15	0	5.75	1	0	0	0	0	0	0	0	0	0	0	1
95	20	30	1	eff_center01	0	0	0	0	0	1	1	0.5	3	2	2	1	1	100	10	0	0	5.75	1	0	0	0	0	0	0	0	0	0	0	1
97	30	10	0	eff_center01	0	0	0	0	0	1	0	0	99	0	99	1	1	100	12	15	0	5.75	1	0	0	0	0	0	0	0	0	0	0	1
98	0	20	2	origin	0	0	0	0	0	2	1	0.5	6.5	2	5.5	1	1	100	3	0	0	5.75	1	0	0	0	0	0	0	0	0	0	0	1
100	40	0	0	origin	0	0	0	0	0	1	0	0	99	0	99	1	1	100	7	0	0	5.75	1	0	0	0	0	0	0	0	0	0	0	1
103	1	20	0	eff_front01	0	0	0	0	0	1	1	0.5	4.5	2	3.5	1	1	100	10	30	0	5.75	1	0	0	0	0	0	0	0	0	0	0	1
104	40	10	0	eff_center01	0	0	0	0	0	1	0	0	99	0	99	1	1	100	15	0	0	5.75	1	0	0	0	0	0	0	0	0	0	0	1
105	25	30	0	eff_center01	0	0	0	0	0	1	0	0	99	0	99	1	1	100	15	0	0	5.75	1	0	0	0	0	0	0	0	0	0	0	1
106	30	10	0	eff_center01	0	0	0	0	0	1	0	0	99	0	99	1	1	100	6	15	0	5.75	1	0	0	0	0	0	0	0	0	0	0	1
108	1	20	4	origin	0	0	0	0	0	1	0	0	99	0	99	1	1	100	10	0	0	5.75	1	0	0	0	0	0	0	0	0	0	0	1
109	20	40	0	eff_rangeattack02	0	0	-0.1	0	0	1	3	1	99	0	9	1	1	100	6	0	0	5.75	1	0	0	0	0	0	0	0	0	0	0	1
113	40	20	0	eff_center01	0	0	0	0	0	1	0	0	99	0	99	1	1	100	12	35	0	5.75	1	0	0	0	0	0	0	0	0	0	0	1
114	20	20	4	origin	0	0	0	0	0	1	0	0	99	0	99	1	1	100	15	10	0	5.75	1	0	0	0	0	0	0	0	0	0	0	1
115	40	20	0	eff_center01	0	0	0	0	0	1	0	0	99	0	99	1	1	100	12	35	0	5.75	1	0	0	0	0	0	0	0	0	0	0	1
116	30	20	0	eff_center01	0	0	0	0	0	1	0	0	99	0	99	1	1	100	10	30	0	5.75	1	0	0	0	0	0	0	0	0	0	0	1
118	1	20	0	eff_center01	0	0	0	0	0	1	0	0	99	0	99	1	1	100	4	0	0	5.75	1	0	0	0	0	0	0	0	0	0	0	1
120	60	30	0	eff_center01	0	0	0	0	0	1	1	0.5	2	2	1	1	1	100	15	0	0	5.75	1	0	0	0	0	0	0	0	0	0	0	1
122	10	20	0	eff_front01	0	0	1	0	0	1	1	0.5	2	2	99	1	1	100	6	0	0	5.75	1	0	0	0	0	0	0	0	0	0	0	1
126	35	30	0	eff_rangeattack02	0	0	0	0	0	1	3	1	99	0	7	1	1	85	10	0	0	5.75	1	0	0	0	0	0	0	0	0	0	0	1
127	15	24	0	origin	0	0	0	0	0	1	1	0	6	2	5	1	1	100	8	0	0	5.75	1	0	0	0	0	0	0	0	0	0	0	1
129	10	15	0	eff_rangeattack02	0	0	0	0	0	1	3	1	99	0	14	1	1	100	5	0	0	5.75	1	0	0	0	0	0	0	0	0	0	0	1
133	1	20	0	eff_center01	0	0	0	0	0	1	0	0	99	0	99	1	1	100	9	30	0	5.75	1	0	0	0	0	0	0	0	0	0	0	1
137	10	20	0	eff_front01	0	0	0	0	0	1	1	0.5	3.5	2	2.5	1	1	100	8	0	0	5.75	1	0	0	0	0	0	0	0	0	0	0	1
141	10	0	0	eff_front01	0	0	0.3	0	0	1	1	0.5	2	2	99	1	1	100	9	0	0	5.75	1	0	0	0	0	0	0	0	0	0	0	1
150	30	30	0	eff_rangeattack02	0	0	0	0	0	2	0	0	99	0	99	1	1	100	4	0	0	5.75	1	0	0	0	0	0	0	0	0	0	0	1
151	1	20	0	eff_center01	0	0	0	0	0	1	0	0	99	0	99	1	1	100	9	30	0	5.75	1	0	0	0	0	0	0	0	0	0	0	1
153	50	30	0	eff_center01	0	0	0	0	0	0.5	1	0.5	2	2	1	1	1	100	15	0	0	5.75	1	0	0	0	0	0	0	0	0	0	0	1
157	20	30	1	eff_center01	0	7	0	0	0	1	3	1	99	0	99	1	1	100	7	0	0	5.75	1	0	0	0	0	0	0	0	0	0	0	1
3003	0	0	0		0	0	0	2	0	0	0	0	99	0	99	1	1	100	0	0	0	0	0	0	0	0	0	0	0	0	0	0	0	1
162	20	20	0	eff_front01	0	0	0.5	0	0	1	1	0.5	2	2	99	1	1	100	9	0	0	5.75	1	0	0	0	0	0	0	0	0	0	0	1
163	10	20	0	eff_front01	0	0	0.5	0	0	1	1	0.5	2	2	99	1	1	100	7	0	0	5.75	1	0	0	0	0	0	0	0	0	0	0	1
164	1	30	4	eff_rangeattack02	0	0	3	0	0	1	0	0	99	0	99	1	1	100	10	0	0	5.75	1	0	0	0	0	0	0	0	0	0	0	1
172	15	20	0	origin	0	0	0	0	0	1	1	0	6	2	5	1	1	100	6	0	0	5.75	1	0	0	0	0	0	0	0	0	0	0	1
174	1	20	0	eff_center01	0	0	0	0	0	1	0	0	99	0	99	1	1	100	15	15	0	5.75	1	0	0	0	0	0	0	0	0	0	0	1
998	40	20	1	eff_center01	0	0	0	0	0	1	1	0.5	8	2	7	1	1	100	15	0	0	5.75	1	1847	133	0	0	0	0	0	0	0	0	1
182	0	45	0	eff_center01	0	0	0	0	0	1	0	0	99	0	99	1	1	100	15	0	0	5.75	1	0	0	0	0	0	0	0	0	0	0	1
183	0	20	2	origin	0	0	0	0	0	2	1	0.5	6.5	2	5.5	1	1	100	3	0	0	5.75	1	0	0	0	0	0	0	0	0	0	0	1
188	15	20	0	eff_rangeattack02	0	0	0	0	0	1	3	0.5	99	0	25	1	1	100	7	0	0	5.75	1	0	0	0	0	0	0	0	0	0	0	1
191	1	20	0	eff_rangeattack02	0	0	0	0	0	1	3	0.5	99	0	99	1	1	100	7	0	0	5.75	1	0	0	0	0	0	0	0	0	0	0	1
192	50	30	0	eff_rangeattack02	0	0	0	0	0	1	3	0	99	0	12	1	1	100	15	0	0	5.75	1	0	0	0	0	0	0	0	0	0	0	1
195	30	20	0	origin	0	0	1	0	0	1	1	0.5	2	2	1	1	1	100	20	0	0	5.75	1	0	0	0	0	0	0	0	0	0	0	1
196	20	15	1	origin	0	0	0	0	0	1	3	1	99	0	99	1	1	100	7	8	0	5.75	1	0	0	0	0	0	0	0	0	0	0	1
197	0	18	0	eff_center01	0	0	0	0	0	1	0	0	99	0	99	1	1	100	13	0	0	5.75	2	0	0	0	0	0	0	0	0	0	0	1
200	30	0	0	eff_front01	0	0	0.5	0	0	2	1	0.5	2	2	99	1	1	100	15	0	0	5.75	1	0	0	0	0	0	0	0	0	0	0	1
202	10	25	0	eff_front01	0	0	0.5	0	0	1	1	0.5	3	2	99	1	1	100	9	0	0	5.75	1	0	0	0	0	0	0	0	0	0	0	1
203	0	15	0	eff_center01	0	0	0	0	0	2	0	0	99	0	99	1	1	100	12	0	0	5.75	1	0	0	0	0	0	0	0	0	0	0	1
204	1	20	1	eff_center01	0	0	0	0	0	1	1	0.5	4	2	3	1	1	100	10	30	0	5.75	1	0	0	0	0	0	0	0	0	0	0	1
205	15	20	0	origin	0	0	0	0	0	1	1	0	6	2	5	1	1	100	6	0	0	5.75	1	0	0	0	0	0	0	0	0	0	0	1
209	15	24	0	origin	0	0	0	0	0	1	1	0	6	2	5	1	1	100	6	0	0	5.75	1	0	0	0	0	0	0	0	0	0	0	1
211	10	20	0	eff_front01	0	0	0.5	0	0	1	1	0.5	2	2	99	1	1	100	7	15	0	5.75	1	0	0	0	0	0	0	0	0	0	0	1
219	20	20	0	eff_center01	0	0	0	0	0	1	0	0	99	0	99	1	1	100	12	0	0	5.75	1	0	0	0	0	0	0	0	0	0	0	1
223	35	15	0	eff_front01	0	0	0.5	0	0	1	1	0.5	2	2	99	1	1	100	12	0	0	5.75	1	0	0	0	0	0	0	0	0	0	0	1
224	17	24	0	origin	0	0	0	0	0	1	1	0	6	2	5	1	1	100	10	0	0	5.75	1	0	0	0	0	0	0	0	0	0	0	1
225	20	30	0	eff_rangeattack02	0	0	0	0	0	1	3	0.5	99	0	4	1	1	100	6	0	0	5.75	1	0	0	0	0	0	0	0	0	0	0	1
231	15	20	0	eff_front01	0	0	0.5	0	0	1	1	0.5	1.5	2	99	1	1	100	10	15	0	5.75	1	0	0	0	0	0	0	0	0	0	0	1
232	10	20	0	eff_front01	0	0	0.5	0	0	1	1	0.5	2	2	99	1	1	100	6	8	0	5.75	1	0	0	0	0	0	0	0	0	0	0	1
234	45	30	0	eff_center01	0	0	0	0	0	1	0	0	99	0	99	1	1	100	15	0	0	5.75	1	0	0	0	0	0	0	0	0	0	0	1
235	45	30	0	eff_center01	0	0	0	0	0	1	0	0	99	0	99	1	1	100	15	0	0	5.75	1	0	0	0	0	0	0	0	0	0	0	1
236	45	40	0	eff_center01	0	0	0	0	0	1	0	0	99	0	99	1	1	100	15	0	0	5.75	1	0	0	0	0	0	0	0	0	0	0	1
239	12	10	1	origin	0	0	0	0	0	1	3	1	99	0	99	1	1	100	6	0	0	5.75	1	0	0	0	0	0	0	0	0	0	0	1
242	10	20	0	eff_front01	0	0	0.3	0	0	2	1	0.5	2	2	99	1	1	100	8	15	0	5.75	1	0	0	0	0	0	0	0	0	0	0	1
245	0	20	2	origin	0	0	0	0	0	2	1	0.5	8.5	2	7	1	1	100	3	0	0	5.75	1	0	0	0	0	0	0	0	0	0	0	1
247	10	30	0	eff_rangeattack02	0	0	0	0	0	1	3	1	99	0	12	1	1	100	8	15	0	5.75	1	0	0	0	0	0	0	0	0	0	0	1
248	10	30	1	origin	0	0	0	0	0	1	3	1	99	0	99	1	1	100	10	0	0	5.75	1	0	0	0	0	0	0	0	0	0	0	1
3006	0	0	0		0	0	0	2	0	0	0	0	0	0	0	0	0	0	0	0	0	0	0	0	0	0	0	0	0	0	0	0	0	1
249	10	20	0	eff_front01	0	0	0.5	0	0	2	1	0.5	2	2	99	1	1	100	6	8	0	5.75	1	0	0	0	0	0	0	0	0	0	0	1
250	10	30	5	origin	0	0	0	0	0	1	3	0.5	99	0	99	1	1	100	7	0	0	5.75	1	0	0	0	0	0	0	0	0	0	0	1
257	30	40	1	origin	0	0	0	0	0	1	3	1	99	0	99	1	1	100	9	0	0	5.75	1	0	0	0	0	0	0	0	0	0	0	1
261	20	40	0	eff_rangeattack02	0	0	0	0	0	1	3	0	99	0	5	1	1	100	10	0	0	5.75	1	0	0	0	0	0	0	0	0	0	0	1
268	30	20	0	eff_center01	0	0	0	0	0	1	0	0	99	0	99	1	1	100	10	15	0	5.75	1	0	0	0	0	0	0	0	0	0	0	1
269	10	20	1	eff_headcenter01	0	0	0	0	0	1	1	0.5	5	2	2	1	1	100	12	0	0	5.75	1	0	0	0	0	0	0	0	0	0	0	1
273	60	30	0	eff_center01	0	0	0	0	0	1	0	0	99	0	99	1	1	100	12	0	0	5.75	1	0	0	0	0	0	0	0	0	0	0	1
280	10	20	0	eff_front01	0	0	0.5	0	0	2	1	0.5	2	2	99	1	1	100	7	0	0	5.75	1	0	0	0	0	0	0	0	0	0	0	1
282	10	20	0	eff_front01	0	0	0.5	0	0	2	1	0.5	2	2	99	1	1	100	10	0	0	5.75	1	0	0	0	0	0	0	0	0	0	0	1
297	1	20	0	eff_center01	0	0	1.5	0	0	1	1	0.5	2	2	1	1	1	100	10	30	0	5.75	1	0	0	0	0	0	0	0	0	0	0	1
304	15	25	0	eff_front01	0	0.2	0	0	0	1	1	0.5	4	2	2	1	1	100	8	0	0	5.75	1	0	0	0	0	0	0	0	0	0	0	1
313	1	20	0	eff_center01	0	0	2	0	0	1	1	0.5	3	2	2	1	1	100	10	30	0	5.75	1	0	0	0	0	0	0	0	0	0	0	1
315	15	30	0	origin	0	0	0	0	0	1	1	0.5	2	2	99	1	1	100	10	30	0	5.75	1	0	0	0	0	0	0	0	0	0	0	1.1
317	25	30	0	eff_front01	0	1.5	2	1	0	1	1	0.5	8	2	7	1	1	100	10	8	0	5.75	1	0	0	0	0	0	0	0	0	0	0	1
319	1	20	0	eff_front01	0	0	0	0	0	1	1	0.5	4.5	2	3.5	1	1	100	10	30	0	5.75	1	0	0	0	0	0	0	0	0	0	0	1
328	10	30	5	origin	0	0	0	0	0	1	3	0.5	99	0	99	1	1	100	7	0	0	5.75	1	0	0	0	0	0	0	0	0	0	0	1
331	20	20	0	eff_rangeattack02	0	0	0	0	0	1	3	0.5	99	0	12	5	5	100	6	0	0	5.75	1	0	0	0	0	0	0	0	0	0	0	1
332	1	20	0	eff_front01	0	0	0.5	0	0	2	1	0.5	2	2	99	1	1	100	9	0	0	5.75	1	0	0	0	0	0	0	0	0	0	0	1
334	1	20	0	eff_center01	0	0	0	0	0	1	0	0	99	0	99	1	1	100	9	30	0	5.75	1	0	0	0	0	0	0	0	0	0	0	1
337	10	20	0	eff_front01	0	0	0.5	0	0	2	1	0.5	2	2	99	1	1	100	8	0	0	5.75	1	0	0	0	0	0	0	0	0	0	0	1
339	40	20	0	eff_center01	0	0	0	0	0	1	0	0	99	0	99	1	1	100	18	12	0	5.75	1	0	0	0	0	0	0	0	0	0	0	1
340	40	20	7	origin	0	0	0	0	0	1	1	0.5	6	2	5	1	1	100	12	0	0	5.75	1	0	0	0	0	0	0	0	0	0	0	1
341	20	20	0	eff_rangeattack02	0	0	0	0	0	1	3	1	99	0	15	1	1	100	6	8	0	5.75	1	0	0	0	0	0	0	0	0	0	0	1
344	10	15	0	origin	0	0	0	0	0	1	1	0	6	2	5	1	1	100	9	0	0	5.75	1	0	0	0	0	0	0	0	0	0	0	1
345	20	30	0	eff_rangeattack02	0	0	0	0	0	1	3	0	99	0	14	1	1	100	6	0	0	5.75	1	0	0	0	0	0	0	0	0	0	0	1
347	40	20	0	eff_center01	0	0	0	0	0	1	0	0	99	0	99	1	1	100	18	12	0	5.75	1	0	0	0	0	0	0	0	0	0	0	1
348	10	20	0	eff_front01	0	0.25	0.5	0	0	2	1	0.5	2	2	99	1	1	100	8	0	0	5.75	1	0	0	0	0	0	0	0	0	0	0	1
350	20	20	0	eff_rangeattack02	0	0	0	0	0	1	3	1	99	0	12	5	5	100	6	0	0	5.75	1	0	0	0	0	0	0	0	0	0	0	1
352	15	15	0	eff_rangeattack02	0	0	0	0	0	1	3	1	99	0	6	1	1	100	6	0	0	5.75	1	0	0	0	0	0	0	0	0	0	0	1
369	10	0	0	eff_front01	0	0	0.5	0	0	1	1	0.5	2	2	99	1	1	100	12	0	0	5.75	1	0	0	0	0	0	0	0	0	0	0	1
370	30	10	2	origin	0	0	0	0	0	1	1	0.5	2	2	1	1	1	100	12	15	0	5.75	1	0	0	0	0	0	0	0	0	0	0	1
377	15	30	1	eff_center01	0	0	0	0	0	1	1	0.5	5	2	3	1	1	100	12	0	0	5.75	1	0	0	0	0	0	0	0	0	0	0	1
390	1	20	0	eff_rangeattack02	0	0	0	0	0	1	3	0	99	0	99	1	1	100	7	0	0	5.75	1	0	0	0	0	0	0	0	0	0	0	1
392	50	20	0	eff_center01	0	0	0	0	0	1	0	0	99	0	99	1	1	100	10	0	0	5.75	1	0	0	0	0	0	0	0	0	0	0	1
394	15	18	0	origin	0	0	0	0	0	1	1	0	6	2	5	1	1	100	8	0	0	5.75	1	0	0	0	0	0	0	0	0	0	0	1
396	20	30	0	eff_rangeattack02	0	0	0	0	0	1	3	1	99	0	14	1	1	100	8	0	0	5.75	1	0	0	0	0	0	0	0	0	0	0	1
398	10	20	0	eff_front01	0	0	0.5	0	0	2	1	0.5	2	2	99	1	1	100	8	0	0	5.75	1	0	0	0	0	0	0	0	0	0	0	1
399	20	20	0	eff_rangeattack02	0	0	0	0	0	1	3	1	99	0	12	1	1	100	8	0	0	5.75	1	0	0	0	0	0	0	0	0	0	0	1
400	10	20	0	eff_front01	0	0	0.5	0	0	2	1	0.5	2	2	99	1	1	100	7	0	0	5.75	1	0	0	0	0	0	0	0	0	0	0	1
403	20	20	0	eff_rangeattack02	0	0	0	0	0	1	3	0	99	0	12	1	1	95	7	0	0	5.75	1	0	0	0	0	0	0	0	0	0	0	1
404	10	20	0	eff_front01	0	0	0.5	0	0	1	1	0.5	2	2	99	1	1	100	8	0	0	5.75	1	0	0	0	0	0	0	0	0	0	0	1
405	20	20	0	eff_rangeattack02	0	0	0	0	0	1	3	0	99	0	6	1	1	100	8	15	0	5.75	1	0	0	0	0	0	0	0	0	0	0	1.2
406	20	15	0	eff_rangeattack02	0	0	0	0	0	1	3	1	99	0	6	1	1	100	8	0	0	5.75	1	0	0	0	0	0	0	0	0	0	0	1.2
407	25	20	2	origin	0	0	0	0	0	1	1	0.5	3	2	4	1	1	100	12	0	0	5.75	1	0	0	0	0	0	0	0	0	0	0	1
408	30	60	0	eff_rangeattack02	0	0	0	0	0	1	3	0	99	0	19	1	1	100	8	0	0	5.75	1	0	0	0	0	0	0	0	0	0	0	1
411	25	30	0	eff_rangeattack02	0	0	0	0	0	1	3	1	99	0	12	1	1	70	12	15	0	5.75	1	0	0	0	0	0	0	0	0	0	0	1
412	20	30	0	eff_rangeattack02	0	0	0	0	0	1	3	1	99	0	12	1	1	100	8	15	0	5.75	1	0	0	0	0	0	0	0	0	0	0	1
413	15	19	0	origin	0	0	0	0	0	1	1	0	6	2	5	1	1	100	10	0	0	5.75	1	0	0	0	0	0	0	0	0	0	0	1
414	35	30	5	origin	0	0	0	0	0	1	3	1	99	0	99	1	1	100	8	15	0	5.75	1	0	0	0	0	0	0	0	0	0	0	1
416	20	0	2	origin	0	0	0	0	0	1	1	0.5	3	2	4	1	1	100	20	0	0	5.75	1	0	0	0	0	0	0	0	0	0	0	1
417	25	20	0	eff_center01	0	0	0	0	0	1	0	0	99	0	99	1	1	100	15	20	0	5.75	1	0	0	0	0	0	0	0	0	0	0	1
418	0	20	2	origin	0	0	0	0	0	2	1	0.5	6.5	2	5.5	1	1	100	3	0	0	5.75	1	0	0	0	0	0	0	0	0	0	0	1
420	0	20	0	eff_rangeattack02	0	0	0	0	0	1	3	0.5	99	0	12	1	1	100	3	0	0	5.75	1	0	0	0	0	0	0	0	0	0	0	1
421	10	20	0	eff_front01	0	0	0.5	0	0	1	1	0.5	2	2	99	1	1	100	7	0	0	5.75	1	0	0	0	0	0	0	0	0	0	0	1
422	10	20	0	eff_front01	0	0	0.3	0	0	2	1	0.5	2	2	99	1	1	100	6	0	0	5.75	1	0	0	0	0	0	0	0	0	0	0	1
423	10	20	0	eff_front01	0	0	0.3	0	0	2	1	0.5	2	2	99	1	1	100	6	0	0	5.75	1	0	0	0	0	0	0	0	0	0	0	1
424	10	20	0	eff_front01	0	0	0.3	0	0	2	1	0.5	2	2	99	1	1	100	6	0	0	5.75	1	0	0	0	0	0	0	0	0	0	0	1
425	0	10	5	origin	0	0	0	0	0	1	1	0.5	7.5	2	6.5	1	1	100	3	0	0	5.75	1	0	0	0	0	0	0	0	0	0	0	1
427	10	20	0	eff_front01	0	0	0.5	0	0	1	1	0.5	2	2	99	1	1	100	7	0	0	5.75	1	0	0	0	0	0	0	0	0	0	0	1
428	15	20	0	eff_front01	0	0	0.5	0	0	1	1	0.5	2	2	99	1	1	100	8	0	0	5.75	1	0	0	0	0	0	0	0	0	0	0	1
430	20	20	0	eff_rangeattack02	0	0	0	0	0	1	3	1	99	0	12	1	1	100	8	15	0	5.75	1	0	0	0	0	0	0	0	0	0	0	1
434	40	80	1	origin	0	0	0	0	0	1	3	0	99	0	99	1	1	100	10	30	0	5.75	1	0	0	0	0	0	0	0	0	0	0	0.8
3008	0	0	0		0	0	0	2	0	0	0	0	0	0	0	0	0	0	0	0	0	0	0	0	0	0	0	0	0	0	0	0	0	0.8
435	12	30	0	origin	0	0	0	0	0	1	1	0.5	2	2	99	1	1	100	8	0	0	5.75	1	0	0	0	0	0	0	0	0	0	0	1.25
436	12	30	0	origin	0	0	0	0	0	1	1	0.5	2	2	99	1	1	100	8	0	0	5.75	1	0	0	0	0	0	0	0	0	0	0	1.25
437	20	10	0	eff_rangeattack02	0	0	0	0	0	1	3	1	99	0	6	1	1	100	10	30	0	5.75	1	0	0	0	0	0	0	0	0	0	0	1
438	20	0	0	origin	0	0	1.2	0	0	1	1	0.5	2	2	99	1	1	100	12	0	0	5.75	1	0	0	0	0	0	0	0	0	0	0	1
441	30	20	0	eff_rangeattack02	0	0	0	0	0	1	3	1	99	0	15	1	1	100	10	0	0	5.75	1	0	0	0	0	0	0	0	0	0	0	1
442	15	20	0	eff_front01	0	0	0.5	0	0	1	1	0.5	2	2	99	1	1	100	8	0	0	5.75	1	0	0	0	0	0	0	0	0	0	0	1
444	15	20	4	origin	0	0	3	0	0	1	1	0.5	3	2	99	1	1	100	10	0	0	5.75	1	0	0	0	0	0	0	0	0	0	0	1
446	30	30	0	origin	0	0	0	2	0	1	3	0.5	99	0	99	1	1	100	10	0	0	5.75	1	0	0	0	0	0	0	0	0	0	0	1
452	15	0	0	origin	0	0	2	0	0	1	1	0.5	2	2	99	1	1	100	10	0	0	5.75	1	0	0	0	0	0	0	0	0	0	0	1
453	0	20	2	origin	0	0	0	0	0	2	1	0.5	6.5	2	5.5	1	1	100	3	0	0	5.75	1	0	0	0	0	0	0	0	0	0	0	1
457	15	24	0	origin	0	0	0	0	0	1	1	0	6	2	5	1	1	100	10	0	0	5.75	1	0	0	0	0	0	0	0	0	0	0	1
473	20	30	1	eff_center01	0	0	0	0	0	1	3	1	99	0	99	1	1	100	8	0	0	5.75	1	0	0	0	0	0	0	0	0	0	0	1
482	15	40	0	origin	0	0	0	0	0	1	1	0.5	2	2	99	1	1	100	8	0	0	5.75	1	0	0	0	0	0	0	0	0	0	0	1.1
484	25	20	2	origin	0	0	0	0	0	1	1	1	3	2	2	1	1	100	10	0	0	5.75	1	0	0	0	0	0	0	0	0	0	0	1
521	10	0	0	eff_front01	0	0	0.5	0	0	1	1	0.5	2	2	99	1	1	100	12	0	0	5.75	1	0	0	0	0	0	0	0	0	0	0	1
523	15	20	4	origin	0	0	0	0	0	1	1	0.5	2	2	99	1	1	100	6	8	0	5.75	1	0	0	0	0	0	0	0	0	0	0	1.25
526	40	20	0	eff_center01	0	0	0	0	0	1	0	0	99	0	99	1	1	100	15	12	0	5.75	1	0	0	0	0	0	0	0	0	0	0	1
527	10	30	5	origin	0	0	0	0	0	1	1	0.5	3	2	2	1	1	100	7	5.1	0	5.75	1	0	0	0	0	0	0	0	0	0	0	1
528	15	20	0	origin	0	0	0	0	0	1	1	0	6	2	5	1	1	100	8	0	0	5.75	1	0	0	0	0	0	0	0	0	0	0	1
529	15	20	0	origin	0	0	0	0	0	1	1	0	6	2	5	1	1	100	8	0	0	5.75	1	0	0	0	0	0	0	0	0	0	0	1
3016	20	20	0	origin	0	0	1.5	0	0	1	1	0	6	2	5	1	1	100	8	0	0	5.75	1	1963	333	0	0	0	0	0	0	0	0	1
532	10	0	0	eff_front01	0	0	0.5	0	0	2	1	0.5	2	2	99	1	1	100	9	0	0	5.75	1	0	0	0	0	0	0	0	0	0	0	1
535	25	20	2	origin	0	0	0	0	0	1	1	1	3	2	2	1	1	100	10	0	0	5.75	1	0	0	0	0	0	0	0	0	0	0	1
538	1	20	0	eff_center01	0	0	0	0	0	1	0	0	99	0	99	1	1	100	10	40	0	5.75	1	0	0	0	0	0	0	0	0	0	0	1
540	20	30	0	eff_rangeattack02	0	0	0	0	0	1	3	0.5	99	0	12	1	1	100	9	0	0	5.75	1	0	0	0	0	0	0	0	0	0	0	1
542	30	50	1	origin	0	0	0	0	0	1	3	1	99	0	99	1	1	100	10	0	0	5.75	1	0	0	0	0	0	0	0	0	0	0	0.8
555	10	20	0	eff_face01	0	0	0.3	0	0	1	1	0.5	3	2	99	1	1	100	9	8	0	5.75	1	0	0	0	0	0	0	0	0	0	0	1
556	20	30	1	eff_center01	0	7	0	1	0	1	3	1	99	0	99	1	1	100	8	0	0	5.75	1	0	0	0	0	0	0	0	0	0	0	1
560	30	20	7	origin	0	0	0	0	0	1	1	0.5	6	2	5	1	1	100	9	0	0	5.75	1	0	0	0	0	0	0	0	0	0	0	1
564	1	30	5	origin	0	0	0	0	0	1	1	0.5	4	2	3	1	1	100	7	5.1	0	5.75	1	0	0	0	0	0	0	0	0	0	0	1
566	40	20	6	origin	0	0	0	0	0	1	1	0.5	8	2	7	1	1	100	12	0	0	5.75	1	0	0	0	0	0	0	0	0	0	0	1
567	10	30	1	origin	0	0	0	0	0	1	1	0.5	5	2	3	1	1	100	10	0	0	5.75	1	0	0	0	0	0	0	0	0	0	0	1
570	10	25	0	eff_front01	0	0	0.5	0	0	1	1	0.5	3	2	99	1	1	100	9	0	0	5.75	1	0	0	0	0	0	0	0	0	0	0	1
571	10	30	1	origin	0	0	0	0	0	1	1	0.5	5	2	3	1	1	100	10	0	0	5.75	1	0	0	0	0	0	0	0	0	0	0	1
573	10	30	0	origin	0	0	0	0	0	1	1	0.5	2	2	99	1	1	100	9	0	0	5.75	1	0	0	0	0	0	0	0	0	0	0	1
574	10	15	0	eff_rangeattack02	0	0	0	0	0	1	1	0.5	3	2	6	1	1	100	6	0	0	5.75	1	0	0	0	0	0	0	0	0	0	0	1
575	15	0	0	eff_front01	0	0	2.3	0	0	1	1	0.5	3	2	2	1	1	100	12	15	0	5.75	1	0	0	0	0	0	0	0	0	0	0	1
576	10	20	1	eff_center01	0	0	0	0	0	1	1	0.5	3	2	2	1	1	100	10	0	0	5.75	1	0	0	0	0	0	0	0	0	0	0	1
577	10	25	0	eff_front01	0	0	0.5	0	0	2	1	0.5	2	2	99	1	1	100	7	0	0	5.75	1	0	0	0	0	0	0	0	0	0	0	1
583	20	20	2	origin	0	0	0	0	0	1	1	0.5	3	2	3	1	1	100	8	15	0	5.75	1	0	0	0	0	0	0	0	0	0	0	1
584	12	10	1	origin	0	0	0	0	0	1	3	1	99	0	99	1	1	100	6	0	0	5.75	1	0	0	0	0	0	0	0	0	0	0	1
585	20	30	0	eff_rangeattack02	0	0	0	0	0	1	3	1	99	0	12	1	1	100	8	15	0	5.75	1	0	0	0	0	0	0	0	0	0	0	1
586	20	30	0	origin	0	0	0	0	0	1	1	0.5	2	2	99	1	1	100	12	0	0	5.75	1	0	0	0	0	0	0	0	0	0	0	1
588	0	45	0	eff_center01	0	0	0	0	0	2	0	0	99	0	99	1	1	100	15	15	0	5.75	1	0	0	0	0	0	0	0	0	0	0	1
591	20	20	0	eff_rangeattack02	0	0	0	0	0	1	3	0.5	99	0	6	1	1	100	10	30	0	5.75	1	0	0	0	0	0	0	0	0	0	0	1
592	30	60	0	eff_rangeattack02	0	0	0	0	0	1	3	0	99	0	19	1	1	100	10	0	0	5.75	1	0	0	0	0	0	0	0	0	0	0	1
593	20	20	7	origin	0	0	0	0	0	1	1	0.5	8	2	7	1	1	100	8	0	0	5.75	1	0	0	0	0	0	0	0	0	0	0	1
594	0	20	0	eff_rangeattack02	0	0	0	0	0	1	3	1	99	0	12	5	5	100	3	0	0	5.75	1	0	0	0	0	0	0	0	0	0	0	1
3018	0	30	0	feeler_a_01	0	0	0	0	0	1	3	1	99	0	12	1	1	100	3	0	0	5.75	1	1959	287	0	0	0	0	0	0	0	0	1
595	20	30	0	eff_rangeattack02	0	0	0	0	0	1	3	0.5	99	0	4.5	1	1	100	8	8	0	5.75	1	0	0	0	0	0	0	0	0	0	0	1
596	0	45	0	eff_center01	0	0	0	0	0	2	0	0	99	0	99	1	1	100	15	0	0	5.75	1	0	0	0	0	0	0	0	0	0	0	1
598	1	20	1	eff_center01	0	0	0	0	0	1	1	0.5	4	2	3	1	1	100	10	30	0	5.75	1	0	0	0	0	0	0	0	0	0	0	1
601	80	30	0	eff_center01	0	0	0	0	0	1	0	0	99	0	99	1	1	100	30	20	0	5.75	1	0	0	0	0	0	0	0	0	0	0	1
605	10	30	0	eff_center01	0	0	0	0	0	1	1	0.5	2	2	99	1	1	100	8	0	0	5.75	1	0	0	0	0	0	0	0	0	0	0	1
609	10	20	0	eff_front01	0	0	0.5	0	0	2	1	0.5	2	2	99	1	1	100	6	0	0	5.75	1	0	0	0	0	0	0	0	0	0	0	1
611	10	20	0	eff_front01	0	0	0.5	0	0	1	1	0.5	2	2	99	1	1	100	6	20	0	5.75	1	0	0	0	0	0	0	0	0	0	0	1
612	15	20	0	eff_front01	0	0	0.5	0	0	1	1	0.5	2	2	99	1	1	100	10	4.5	0	5.75	1	0	0	0	0	0	0	0	0	0	0	1
613	30	60	0	eff_directionattack01	0	0	0	0	0	1	3	0	99	0	19	1	1	100	12	0	0	5.75	1	0	0	0	0	0	0	0	0	0	0	1
614	35	30	1	eff_center01	0	7	0	0	0	1	3	1	99	0	99	1	1	100	10	0	0	5.75	1	0	0	0	0	0	0	0	0	0	0	1
3010	0	0	0		0	0	0	2	0	0	0	0	0	0	0	0	0	0	0	0	0	0	0	0	0	0	0	0	0	0	0	0	0	1
615	20	30	4	origin	0	0	0	0	0	1	1	0.5	2	2	99	1	1	100	10	0	0	5.75	1	0	0	0	0	0	0	0	0	0	0	1
616	25	30	5	origin	0	0	0	0	0	1	3	1	99	0	99	1	1	100	8	0	0	5.75	1	0	0	0	0	0	0	0	0	0	0	1
617	40	60	0	eff_rangeattack02	0	0	0	0	0	1	3	0	99	0	19	1	1	100	15	0	0	5.75	1	0	0	0	0	0	0	0	0	0	0	1
621	35	30	1	eff_center01	0	0	0	0	0	1	3	1	99	0	99	1	1	100	10	15	0	5.75	1	0	0	0	0	0	0	0	0	0	0	1
670	20	15	0	eff_rangeattack02	0	0	0	0	0	1	3	1	99	0	12	1	1	100	6	0	0	5.75	1	0	0	0	0	0	0	0	0	0	0	1
679	20	20	2	origin	0	0	0	0	0	1	1	0.5	3	2	3	1	1	100	9	8	0	5.75	1	0	0	0	0	0	0	0	0	0	0	1
687	35	60	0	eff_rangeattack02	0	0	0	0	0	1	3	0	99	0	19	1	1	100	15	0	0	5.75	1	0	0	0	0	0	0	0	0	0	0	1
3020	1	60	0	eff_rangeattack02	0	0	0	0	1	1	3	0	99	0	19	1	1	100	15	0	0	5.75	1	1848	308	0	0	0	0	0	0	0	0	1
693	10	20	0	eff_center01	0	0.25	0	0	0	1	1	0.5	2	2	99	1	1	100	6	0	0	5.75	1	0	0	0	0	0	0	0	0	0	0	1
710	10	20	0	eff_front01	0	0	0.5	0	0	1	1	0.5	2	2	99	1	1	100	8	15	0	5.75	1	0	0	0	0	0	0	0	0	0	0	1
748	50	20	0	eff_center01	0	0	0	0	0	1	0	0	99	0	99	1	1	100	60	15	0	5.75	1	0	0	0	0	0	0	0	0	0	0	1
784	10	20	0	eff_front01	0	0	0.5	0	0	1	1	0.5	1.5	2	99	1	1	100	9	8	0	5.75	1	0	0	0	0	0	0	0	0	0	0	1
812	10	0	0	eff_front01	0	0	0.5	0	0	1	1	1	2	2	99	1	1	100	12	0	0	5.75	1	0	0	0	0	0	0	0	0	0	0	1
920	1	60	0	eff_rangeattack02	0	0	0	0	0	1	3	0	99	0	19	1	1	100	15	0	0	5.75	1	0	0	0	0	0	0	0	0	0	0	1
998	40	20	0	eff_center01	0	0	0	0	0	1	1	0.5	8	2	7	1	1	100	15	15	0	5.75	1	0	0	0	0	0	0	0	0	0	0	1
2073	30	0	0	origin	0	0	0	0	0	1	3	1	99	0	5	1	1	100	10	0	0	5.75	1	0	0	0	0	0	0	0	0	0	0	1
2072	60	10	0	eff_rangeattack02	0	0	0	0	0	1	3	1	99	0	5	1	1	100	10	0	0	5.75	1	0	0	0	0	0	0	0	0	0	0	1
2076	100	90	0	eff_rangeattack02	0	0	0	0	0	1	1	0.5	99	0	99	1	1	6	12	0	0	5.75	1	0	0	0	0	0	0	0	0	0	0	1
2438	20	0	0	origin	0	0	1.2	0	0	1	1	3	5	0	99	1	1	100	12	0	0	5.75	1	0	0	0	0	0	0	0	0	0	0	1
2482	60	60	0	origin	0	0	0	0	0	1	1	3	5	0	99	1	1	100	9	0	0	5.75	1	0	0	0	0	0	0	0	0	0	0	1
2036	150	150	0	origin	0	0	0	0	0	1	1	2	99	0	1	1	1	100	5	0	0	0	1	0	0	0	0	0	0	0	0	0	0	1
2056	90	30	0	eff_rangeattack02	0	0	0	0	0	1	1	0.5	99	0	99	1	1	100	12	0	0	5.75	1	0	0	0	0	0	0	0	0	0	0	1
2339	0	20	0	eff_center01	0	0	0	0	0	1	0	0	99	0	99	1	1	100	9	15	0	5.75	1	0	0	0	0	0	0	0	0	0	0	1
2428	10	0	0	eff_attack03	0	0	0	0	0	1	1	1	1.5	0	99	1	1	100	8	0	0	5.75	1	0	0	0	0	0	0	0	0	0	0	1
2453	0	0	0	origin	0	3	0	0	0	2	1	0.5	5	0	99	1	1	100	4	0	0	5.75	1	0	0	0	0	0	0	0	0	0	0	1
3025	0	0	1	origin	0	0	0	0	0	2	1	0.5	5	0	1	1	1	100	0	0	0	0	1	0	0	0	0	0	0	0	0	0	0	1
3026	0	0	0	origin	0	0	0	0	0	1	1	0.5	1.5	0	99	1	1	100	8	0	0	5.75	1	0	0	0	0	0	0	0	0	0	0	1
2042	90	30	0	eff_directionattack01	0	0	0	0	0	1	1	2	99	0	1	1	1	25	0	0	0	0	1	0	0	0	0	0	0	0	0	0	0	1.75
3071	90	30	0	eff_directionattack01	0	0	0	0	0	1	1	2	99	0	1	1	1	100	0	0	0	0	1	0	0	0	0	0	0	0	0	0	0	1.75
3072	90	30	0	eff_directionattack01	0	0	0	0	0	1	1	2	99	0	1	1	1	50	0	0	0	0	1	0	0	0	0	0	0	0	0	0	0	1.75
2398	30	30	0	eff_attack02	0	0	0	0	0	1	1	0	1.5	0	1	1	1	100	0	0	0	0	1	0	0	0	0	0	0	0	0	0	0	1
2679	30	0	2	origin	0	0	0	0	0	0.5	1	0	99	0	1	1	1	100	0	15	0	0	1	0	0	0	0	0	0	0	0	0	0	1
3078	30	0	0	origin	0	0	0	0	0	0.5	1	0	99	0	1	1	1	100	0	15	0	0	1	0	0	0	0	0	0	0	0	0	0	1
2022	0	40	0	eff_attack02	0	2	5	0	0	1	1	2	99	0	1	1	1	100	0	0	0	0	1	0	0	0	0	0	0	0	0	0	0	1.75
2188	120	60	0	eff_rangeattack02	0	0	0	0	0	1	1	3	99	0	1	1	1	100	0	0	0	0	1	0	0	0	0	0	0	0	0	0	0	1
2331	40	40	0	eff_rangeattack02	0	0	0	0	0	1	1	2	99	0	1	1	1	100	0	0	0	0	1	0	0	0	0	0	0	0	0	0	0	1.75
2060	45	45	0	eff_attack01	0	0	0	0	0	1	1	3	99	0	1	1	1	100	0	0	0	0	1	0	0	0	0	0	0	0	0	0	0	1.75
2250	120	70	0	origin	0	0	0	0	0	1	1	3	99	0	1	1	1	100	0	15	0	0	1	0	0	0	0	0	0	0	0	0	0	1.75
2352	30	40	0	eff_attack01	0	0	0	0	0	1	1	0	99	0	1	6	6	100	0	0	0	0	1	0	0	0	0	0	0	0	0	0	0	1.75
2019	300	60	1	origin	0	0	0	0	0	1	0	0	99	0	99	1	1	100	0	0	0	0	1	0	0	0	0	0	0	0	0	0	0	1
2053	15	30	0	eff_rangeattack02	0	0	0	0	0	1	3	0.5	99	0	5	1	1	100	0	0	0	0	1	0	0	0	0	0	0	0	0	0	0	1
2063	30	120	0	eff_rangeattack02	0	0	0	0	0	1	1	0.5	99	0	99	1	1	100	0	0	0	0	1	0	0	0	0	0	0	0	0	0	0	1
3073	30	120	0	eff_rangeattack02	0	0	0	0	1	1	1	0.5	99	0	99	1	1	100	0	0	0	0	1	0	0	0	0	0	0	0	0	0	0	1
2085	0	60	1	origin	0	0	0	0	0	1	1	4	99	0	1	1	1	100	0	10	0	0	1	0	0	0	0	0	0	0	0	0	0	1
3074	30	10	0	eff_rangeattack02	0	0	0	0	0	1	3	0	99	0	1	1	1	20	7	0	0	5	1	0	0	0	0	0	0	0	0	0	0	3
2407	0	90	1	origin	0	0	0	0	0	1	1	0.5	5	0	99	1	1	100	0	0	0	0	1	0	0	0	0	0	0	0	0	0	0	1
2542	120	0	0	origin	0	0	0	0	0	1	3	1	99	0	99	1	1	100	0	0	0	0	1	0	0	0	0	0	0	0	0	0	0	1
2087	90	30	1	origin	0	0	0	0	0	1	1	4	99	0	1	1	1	100	0	10	0	0	1	0	0	0	0	0	0	0	0	0	0	1
3070	90	30	5	origin	0	0	0	0	0	1	1	4	99	0	1	1	1	100	0	10	0	0	1	0	0	0	0	0	0	0	0	0	0	1
2268	30	15	0	eff_center01	0	0	0	0	0	1	1	0	99	0	1	1	1	100	0	15	0	0	1	0	0	0	0	0	0	0	0	0	0	1
2406	30	36	0	eff_face01	0	-0.25	0	0	0	1	1	3	99	0	1	1	1	100	0	0	0	0	1	0	0	0	0	0	0	0	0	0	0	1
2435	90	60	0	origin	0	0	0	0	0	1	1	0	2	0	1	1	1	100	0	0	0	0	1	0	0	0	0	0	0	0	0	0	0	1
2784	30	30	0	eff_attack03	0	0	0	0	0	1	1	1	3	0	1	1	1	100	0	15	0	0	1	0	0	0	0	0	0	0	0	0	0	1
2014	15	30	0	eff_center01	0	0	0	0	0	1	0	0	99	0	1	1	1	100	0	30	0	0	1	0	0	0	0	0	0	0	0	0	0	1
2098	0	0	1	origin	0	0	0	0	0	1	1	0.5	5	0	1	1	1	100	0	0	0	0	1	0	0	0	0	0	0	0	0	0	0	1
2242	15	30	0	origin	0	1	3	0	0	2	1	1	2	0	1	1	1	100	0	15	0	0	1	0	0	0	0	0	0	0	0	0	0	1
2442	15	30	0	origin	0	1	3	0	0	2	1	1	1.5	0	99	1	1	100	0	0	0	0	1	0	0	0	0	0	0	0	0	0	0	1
2583	30	0	2	origin	0	0	0	0	0	1	1	0	99	0	1	1	1	100	0	15	0	0	1	0	0	0	0	0	0	0	0	0	0	1
2605	90	30	0	eff_rangeattack02	0	0	0	0	0	1	1	0.5	99	0	1	1	1	30	0	0	0	0	1	0	0	0	0	0	0	0	0	0	0	1
2029	0	60	0	eff_attack01	0	0	0	0	0	1	1	0	1.5	0	1	1	1	100	0	0	0	0	1	0	0	0	0	0	0	0	0	0	0	1
2414	30	10	5	origin	0	0	0	0	0	1	1	3	99	0	1	1	1	100	9	15	0	5	1	0	0	0	0	0	0	0	0	0	0	1
2436	100	60	0	origin	0	0	0	0	0	1	1	0	10	0	1	1	1	100	9	0	0	0	1	0	0	0	0	0	0	0	0	0	0	1
2239	90	30	0	origin	0	0	0	2	0	1	3	1	99	0	99	1	1	20	0	0	0	0	1	0	0	0	0	0	0	0	0	0	0	1
3013	60	30	1	origin	0	0	0	0	0	1	3	1	99	0	99	1	1	100	0	0	0	0	1	0	0	0	0	0	0	0	0	0	0	1
2340	0	0	1	origin	0	0	0	0	0	0.5	0	0	99	0	99	1	1	100	0	0	0	0	1	0	0	0	0	0	0	0	0	0	0	1
2413	10	28	0	origin	0	0	0	0	0	1	3	1	99	0	8	1	1	100	0	0	0	0	1	0	0	0	0	0	0	0	0	0	0	1
2585	60	30	0	eff_rangeattack02	0	0	0	0	0	1	3	1	99	0	8	1	1	100	0	15	0	0	1	0	0	0	0	0	0	0	0	0	0	1
2109	60	30	0	eff_rangeattack02	0	0	0	0	0	1	1	1	99	0	1	1	1	100	0	0	0	0	1	0	0	0	0	0	0	0	0	0	0	1
2247	60	30	0	eff_rangeattack02	0	0	0.4	0	0	1	1	2	99	0	1	1	1	100	0	15	0	0	1	0	0	0	0	0	0	0	0	0	0	1
2421	60	15	2	origin	0	0	0	0	0	2	1	1	1.5	0	1	1	1	100	0	0	0	0	2	0	0	0	0	0	0	0	0	0	0	1
3077	60	15	0	origin	0	0	0	0	0	2	1	1	1.5	0	1	1	1	100	0	0	0	0	2	0	0	0	0	0	0	0	0	0	0	1
2425	60	30	1	origin	0	0	0	0	0	1	1	0	99	0	1	1	1	100	0	0	0	0	1	0	0	0	0	0	0	0	0	0	0	1
2566	0	30	1	origin	0	0	0	0	0	2	1	0.5	10	0	1	1	1	100	0	0	0	0	2	0	0	0	0	0	0	0	0	0	0	1
2122	150	30	0	eff_rangeattack02	0	0	0	2	0	1	3	1	99	0	12	1	1	100	0	0	0	0	1	0	0	0	0	0	0	0	0	0	0	1
2282	0	30	0	eff_front01	0	0	0	0	0	1	1	0.5	2	2	99	1	1	100	0	0	0	0	1	0	0	0	0	0	0	0	0	0	0	1
4029	45	30	0	eff_face01	0	0	0.3	2	0	1	1	0.5	3	2	99	1	1	100	0	8	0	0	1	0	0	0	0	0	0	0	0	0	0	4
2163	1	1	0	eff_attack03	0	0	0	0	0	1	1	0	10	0	1	1	1	100	9	0	0	0	1	0	0	0	0	0	0	0	0	0	0	1
2399	90	120	0	origin	0	0	0	0	0	1	1	0	10	0	1	1	1	100	0	0	0	0	1	0	0	0	0	0	0	0	0	0	0	1
2403	30	10	0	eff_rangeattack02	0	0	0	0	0	1	3	0	99	0	1	1	1	20	7	0	0	5	1	0	0	0	0	0	0	0	0	0	0	2
2057	60	60	0	origin	0	0.04	0	0	0	1	1	0	6	2	5	1	1	100	0	0	0	0	1	0	0	0	0	0	0	0	0	0	0	1.5
4012	0	0	0	origin	0	0.04	0	0	0	1	1	0	6	2	5	1	1	100	0	0	0	0	1	0	0	0	0	0	0	0	0	0	0	2
4006	0	0	0	eff_rangeattack02	0	0	0	0	0	1	3	0	99	0	19	1	1	100	0	0	0	0	1	0	0	0	0	0	0	0	0	0	0	2.5
4007	0	0	0	eff_rangeattack02	0	0	0	0	0	1	3	0	99	0	19	1	1	100	0	0	0	0	1	0	0	0	0	0	0	0	0	0	0	3
4013	90	30	5	origin	0	0	0	0	0	1	3	1	99	0	99	1	1	100	0	0	0	0	1	0	0	0	0	0	0	0	0	0	0	1
4014	90	30	1	origin	0	0	0	0	0	1	3	1	99	0	99	1	1	100	0	0	0	0	1	0	0	0	0	0	0	0	0	0	0	1.5
2618	90	30	0	origin	0	2	0	2	0	1	3	1	99	0	19	1	1	100	0	0	0	0	1	0	0	0	0	0	0	0	0	0	0	1
4010	100	90	0	eff_rangeattack02	0	0	0	0	0	1	3	0	99	0	19	1	1	6	0	0	0	0	1	0	0	0	0	0	0	0	0	0	0	1
4011	100	90	0	eff_rangeattack02	0	0	0	0	0	1	3	0	99	0	19	1	1	6	0	0	0	0	1	0	0	0	0	0	0	0	0	0	0	3
2126	45	45	0	eff_front01	0	0	0	0	0	1	3	1	99	0	7	1	1	6	0	0	0	0	1	0	0	0	0	0	0	0	0	0	0	2
4009	0	0	0	eff_front01	0	0	0	0	0	1	3	1	99	0	7	1	1	6	0	0	0	0	1	0	0	0	0	0	0	0	0	0	0	3
2619	60	60	0	origin	0	0	0	0	0	1	3	1	99	0	12	1	1	100	0	0	0	0	1	0	0	0	0	0	0	0	0	0	0	1
2815	30	60	0	eff_front01	0	0	0	0	0	1	3	1	99	0	12	1	1	6	0	0	0	0	1	0	0	0	0	0	0	0	0	0	0	4
4008	0	0	0	eff_front01	0	0	0	0	0	1	3	1	99	0	12	1	1	6	0	0	0	0	1	0	0	0	0	0	0	0	0	0	0	8
4023	15	30	0	origin	0	1.5	3	0	0	2	1	0.5	2	0	99	1	1	100	0	0	0	0	1	0	0	0	0	0	0	0	0	0	0	1
2304	60	25	0	eff_front01	0	0.2	0	0	0	1	1	0.5	4	2	2	1	1	100	8	0	0	5.75	1	0	0	0	0	0	0	0	0	0	0	2
4015	60	25	0	eff_front01	0	0.2	0	0	0	1	1	0.5	4	2	2	1	1	100	8	0	0	5.75	1	0	0	0	0	0	0	0	0	0	0	3.5
2434	90	80	1	origin	0	60	0	2	0	1	0	0	99	0	99	1	1	0	15	0	0	5.75	1	0	0	0	0	0	0	0	0	0	0	1.5
4004	0	0	1	origin	0	0	0	0	0	1	0	0	0	0	0	0	0	0	0	0	0	0	0	0	0	0	0	0	0	0	0	0	0	1
4005	0	0	0	eff_front01	0	10	0	0	0	1	0	0	0	0	0	0	0	0	0	0	0	0	0	0	0	0	0	0	0	0	0	0	0	1
2620	300	20	1	origin	0	0	0	0	0	1	1	0.5	8	2	7	1	1	100	12	0	0	5.75	1	0	0	0	0	0	0	0	0	0	0	1
2800	70	23	0	eff_rangeattack02	0	0	0	0	0	1	3	0	99	0	19	1	1	100	12	0	0	5.75	1	0	0	0	0	0	0	0	0	0	0	1
4016	70	0	0	eff_rangeattack02	0	0	0	0	0	1	3	0	99	0	19	1	1	100	12	0	0	5.75	1	0	0	0	0	0	0	0	0	0	0	2.5
2038	45	30	0	origin	0	0	0	0	0	1	1	0	6	2	5	1	1	100	0	0	0	0	1	0	0	0	0	0	0	0	0	0	0	1.5
2183	150	30	7	origin	0	0	0	0	0	1	1	0	99	0	1	1	1	100	0	15	0	0	1	0	0	0	0	0	0	0	0	0	0	1
4017	0	0	0	origin	0	0	0	0	0	1	1	0	99	0	1	1	1	100	0	15	0	0	1	0	0	0	0	0	0	0	0	0	0	1
2411	30	30	0	eff_rangeattack02	0	0	0	0	0	1	3	1	99	0	12	1	1	50	0	15	0	0	1	0	0	0	0	0	0	0	0	0	0	1
2814	0	30	0	eff_front01	0	0	0	0	0	1	1	0.5	2	2	99	1	1	100	0	0	0	0	1	0	0	0	0	0	0	0	0	0	0	1
2089	30	240	0	origin	0	0	0	0	0	1	1	0.5	2	0	99	1	1	100	0	0	0	0	1	0	0	0	0	0	0	0	0	0	0	1
2200	30	30	0	origin	0	1.5	3	0	0	2	1	0.5	2	0	99	1	1	100	0	0	0	0	1	0	0	0	0	0	0	0	0	0	0	1
2328	0	30	1	origin	0	0	0	0	0	1	1	1	99	0	99	1	1	100	0	0	0	0	1	0	0	0	0	0	0	0	0	0	0	2.5
2416	30	15	2	origin	0	0	0	0	0	1	1	0.5	5	0	99	1	1	100	0	0	0	0	1	0	0	0	0	0	0	0	0	0	0	1
3076	30	15	0	origin	0	0	0	0	0	1	1	0.5	5	0	99	1	1	100	0	0	0	0	1	0	0	0	0	0	0	0	0	0	0	1
2444	90	30	0	origin	0	0	0	0	0	1	1	0.5	3	0	99	1	1	100	0	0	0	0	1	0	0	0	0	0	0	0	0	0	0	1
3022	0	0	0	origin	0	0	0	0	0	1	1	0.5	3	0	99	1	1	100	0	0	0	0	1	0	0	0	0	0	0	0	0	0	0	1
2059	120	110	0	origin	0	0	0	0	0	1	3	1	99	0	99	1	1	100	0	0	0	0	1	0	0	0	0	0	0	0	0	0	0	1
2196	60	30	1	origin	0	0	0	0	0	1	3	1	99	0	99	1	1	100	0	8	0	0	1	0	0	0	0	0	0	0	0	0	0	1
3069	90	30	0	origin	0	0	0	0	0	1	3	1	99	0	99	1	1	100	0	8	0	0	1	0	0	0	0	0	0	0	0	0	0	1
2261	60	30	0	eff_rangeattack02	0	0	0	0	0	1	1	0	99	0	4	1	1	21	0	0	0	0	1	0	0	0	0	0	0	0	0	0	0	1
2556	90	90	1	origin	0	20	0	0	0	1	3	1	99	0	99	1	1	100	0	0	0	0	1	0	0	0	0	0	0	0	0	0	0	1
2315	150	10	0	eff_rangeattack02	0	0	0	0	0	1	1	0.5	99	0	99	1	1	7	0	0	0	0	1	0	0	0	0	0	0	0	0	0	0	1
2430	30	30	0	eff_rangeattack02	0	0	0	0	0	1	3	1	99	0	12	1	1	25	0	15	0	0	1	0	0	0	0	0	0	0	0	0	0	1.5
2463	30	30	1	origin	0	0	0	0	0	1	3	1	99	0	99	1	1	100	0	0	0	0	1	0	0	0	0	0	0	0	0	0	0	1
4024	0	0	1	origin	0	0	0	0	0	1	3	1	99	0	99	1	1	100	0	0	0	0	1	0	0	0	0	0	0	0	0	0	0	1.5
2523	60	30	4	origin	0	0	0	0	0	1	1	0.5	2	2	99	1	1	100	0	8	0	0	1	0	0	0	0	0	0	0	0	0	0	1
2044	240	30	0	eff_rangeattack02	0	0	0	0	0	1	3	1	99	0	12	1	1	100	0	0	0	0	1	0	0	0	0	0	0	0	0	0	0	1
4022	0	0	4	origin	0	0	0	0	0	1	1	0	10	0	1	1	1	100	0	0	0	0	1	0	0	0	0	0	0	0	0	0	0	1
4035	60	30	0	eff_rangeattack02	0	0	0.4	0	0	1	1	2	99	0	1	1	1	100	0	15	0	0	1	0	0	0	0	0	0	0	0	0	0	2
2248	0	30	1	origin	0	0	0	0	0	1	3	1	99	0	99	1	1	100	0	0	0	0	1	0	0	0	0	0	0	0	0	0	0	5
4003	0	0	0		0	0	0	2	0	0	0	0	0	0	0	0	0	0	0	0	0	0	0	0	0	0	0	0	0	0	0	0	0	7
4026	0	0	0		0	0	0	2	0	0	0	0	0	0	0	0	0	0	0	0	0	0	0	0	0	0	0	0	0	0	0	0	0	3.5
4025	0	0	5	origin	0	0	0	0	0	1	3	1	99	0	99	1	1	100	0	0	0	0	1	0	0	0	0	0	0	0	0	0	0	2.5
2464	120	0	0	origin	0	0	0	0	0	1	1	0.5	2	0	99	1	1	100	0	0	0	0	1	0	0	0	0	0	0	0	0	0	0	1
2555	45	30	0	eff_face01	0	0	0.3	2	0	1	1	0.5	3	2	99	1	1	100	0	8	0	0	1	0	0	0	0	0	0	0	0	0	0	6
4027	0	0	0	eff_face01	0	0	0.3	2	0	1	1	0.5	3	2	99	1	1	100	0	8	0	0	1	0	0	0	0	0	0	0	0	0	0	5
2693	30	0	0	eff_center01	0	0.25	0	0	0	1	1	0.5	2	2	99	1	1	100	0	0	0	0	1	0	0	0	0	0	0	0	0	0	0	4
4028	0	0	0	eff_center01	0	0.25	0	0	0	1	1	0.5	2	2	99	1	1	100	0	0	0	0	1	0	0	0	0	0	0	0	0	0	0	2
2094	500	30	4	origin	0	0	0	0	0	1	3	0	99	0	99	1	1	100	0	0	0	0	1	0	0	0	0	0	0	0	0	0	0	1
4021	30	380	4	origin	0	0	0	0	0	1	0	0	99	0	99	1	1	100	0	0	0	0	1	0	0	0	0	0	0	0	0	0	0	1
4020	30	380	1	origin	0	0	0	0	0	1	3	0	99	0	99	1	1	100	0	0	0	0	1	0	0	0	0	0	0	0	0	0	0	1
2100	10	0	1	origin	0	0	0	0	0	1	1	0	99	0	99	1	1	100	0	0	0	0	1	0	0	0	0	0	0	0	0	0	0	10
4031	60	30	0	eff_rangeattack02	0	0	0.4	0	0	1	1	2	99	0	1	1	1	100	0	15	0	0	1	0	0	0	0	0	0	0	0	0	0	1
4032	60	30	0	eff_rangeattack02	0	0	0	0	0	1	3	1	99	0	8	1	1	100	0	15	0	0	1	0	0	0	0	0	0	0	0	0	0	1
2127	15	40	0	origin	0	0	0	0	0	0.5	3	1	99	0	1	1	1	100	8	0	0	5	1	0	0	0	0	0	0	0	0	0	0	1
2157	20	30	1	origin	0	7	0	0	0	1	3	2	99	0	1	1	1	100	0	0	0	0	1	0	0	0	0	0	0	0	0	0	0	1
2370	300	60	0	eff_attack03	0	0	0	0	0	1	3	1	1.5	0	1	1	1	100	8	0	0	5	2	0	0	0	0	0	0	0	0	0	0	1
2249	300	60	0	eff_rangeattack02	0	0	0	0	0	1	3	1	1.5	0	1	1	1	100	8	0	0	5	2	0	0	0	0	0	0	0	0	0	0	1
2249	300	60	0	eff_rangeattack02	0	0	0	0	0	1	3	1	1.5	0	1	1	1	100	8	0	0	5	2	0	0	0	0	0	0	0	0	0	0	1
3024	0	0	2	origin	0	0	0	0	0	2	1	0.5	5	0	1	1	1	100	0	0	0	0	1	0	0	0	0	0	0	0	0	0	0	1
2612	10	0	0	eff_attack03	0	0	0	0	0	1	1	1	1.5	0	99	1	1	100	6	15	0	5.75	1	0	0	0	0	0	0	0	0	0	0	1
2280	10	0	0	eff_attack03	0	0	0	0	0	2	1	1	1.5	0	1	1	1	100	7	0	0	5	1	0	0	0	0	0	0	0	0	0	0	1
2332	10	0	0	eff_attack03	0	0	0	0	0	2	1	1	1.5	0	1	1	1	100	6	0	0	5	1	0	0	0	0	0	0	0	0	0	0	1
2560	300	60	1	origin	0	0	0	0	0	1	1	1	7	0	1	1	1	100	8	0	0	5	1	0	0	0	0	0	0	0	0	0	0	1
2150	0	0	1	origin	0	0	0	0	0	2	1	0.5	5	0	1	1	1	100	0	0	0	0	1	0	0	0	0	0	0	0	0	0	0	1
2245	15	0	2	origin	0	0	0	0	0	1	1	0.5	8	0	7	1	1	100	0	0	0	0	1	0	0	0	0	0	0	0	0	0	0	1
2614	60	30	1	eff_center01	0	7	0	0	0	1	3	1	99	0	99	1	1	100	0	0	0	0	1	0	0	0	0	0	0	0	0	0	0	1
2615	10	30	4	origin	0	0	0	0	0	1	1	0.5	2	0	99	1	1	100	0	0	0	0	1	0	0	0	0	0	0	0	0	0	0	1
2616	60	30	5	origin	0	0	0	0	0	1	3	1	99	0	99	1	1	100	0	0	0	0	1	0	0	0	0	0	0	0	0	0	0	1
3075	60	30	1	origin	0	0	0	0	0	1	3	1	99	0	99	1	1	100	0	0	0	0	1	0	0	0	0	0	0	0	0	0	0	1
2687	60	60	0	eff_rangeattack02	0	0	0	0	0	1	0	0	99	0	99	1	1	100	0	0	0	0	1	0	0	0	0	0	0	0	0	0	0	1
3067	0	0	1	origin	0	0	0	0	0	1	0	0	99	0	99	1	1	100	0	0	0	0	1	0	0	0	0	0	0	0	0	0	0	1
2209	0	20	1	origin	0	0	0	0	0	1	1	0.5	5	0	1	1	1	100	0	0	0	0	1	0	0	0	0	0	0	0	0	0	0	1
2223	30	30	0	eff_front01	0	0	0	0	0	1	1	0.5	2	2	99	1	1	100	0	0	0	0	1	0	0	0	0	0	0	0	0	0	0	1
4034	10	0	0	origin	0	0	0	0	0	2	1	1	1.5	0	1	1	1	100	0	0	0	0	1	0	0	0	0	0	0	0	0	0	0	1
2527	0	30	0	eff_front01	0	0	0	0	0	1	1	0.5	3	2	2	1	1	100	0	2	0	0	1	0	0	0	0	0	0	0	0	0	0	1
2528	45	10	0	origin	0	0	0	0	0	1	1	0	6	2	5	1	1	100	0	0	0	0	1	0	0	0	0	0	0	0	0	0	0	1
2721	90	60	0	origin	0	0	0	2	0	1	1	0.5	3	0	12	1	1	100	0	0	0	0	1	0	0	0	0	0	0	0	0	0	0	1
2058	30	45	0	eff_rangeattack02	0	0	0	0	0	1	3	0	99	0	19	1	1	100	0	0	0	0	1	0	0	0	0	0	0	0	0	0	0	2
2225	150	30	0	eff_overhead01	0	0	0	0	0	1	1	2	99	0	1	1	1	25	0	0	0	0	1	0	0	0	0	0	0	0	0	0	0	0.75
4030	150	30	0	eff_overhead01	0	0	0	0	0	1	1	2	99	0	1	1	1	25	0	0	0	0	1	0	0	0	0	0	0	0	0	0	0	1
1007	10	20	0	eff_front01	0	0	0	0	0	2	1	0.5	3	2	99	1	1	100	7	0	0	0	1	502	55	1879	1860	0	0	0	0	0	0	1.4
1008	10	20	0	eff_front01	0	0	0	0	0	2	1	0.5	3	2	99	1	1	100	7	0	0	0	1	485	9	1880	1861	0	0	0	0	0	0	1.4
1009	10	20	0	eff_front01	0	0	0	0	0	2	1	0.5	3	2	99	1	1	100	7	0	0	0	1	488	56	1881	1862	0	0	0	0	0	0	1.4
1014	25	20	0	eff_center01	0	0	0	0	0	1	0	0	99	0	99	1	1	100	15	23	0	0	1	640	10	0	0	0	0	0	0	0	0	1
1016	12	10	1	origin	0	0	0	0	0	1	3	1	99	0	99	1	1	100	6	0	0	0	1	561	59	0	0	0	0	0	0	0	0	1.5
1017	10	20	0	eff_front01	0	0	0	0	0	1	1	0.5	3	2	99	1	1	100	6	0	0	0	1	499	60	2110	2107	0	0	0	0	0	0	1.4
1018	25	20	0	eff_rangeattack02	0	0	0	0	0	1	3	1	99	0	14	1	1	100	7	0	0	0	1	470	61	0	0	0	0	0	0	0	0	1.4
1019	40	20	7	origin	0	0	0	0	0	1	1	0.5	8	2	7	1	1	100	12	0	0	0	1	584	62	0	0	0	0	0	0	0	0	1.2
1022	10	20	0	eff_front01	0	0	0	0	0	2	1	0.5	3	2	99	1	1	100	6	0	0	0	1	512	63	1882	1863	0	0	0	0	0	0	1.4
1029	15	20	0	eff_front01	0	0	0	0	0	1	1	0.5	2.5	2	99	1	1	100	7	0	0	0	1	530	324	2076	2049	0	0	0	0	0	0	1.3
1033	1	20	0	eff_front01	0	0	0	0	0	1	1	0.5	1.5	2	99	1	1	100	4	0	0	0	1	476	65	2077	2050	0	0	0	0	0	0	1.2
1034	15	20	0	origin	0	0	2.5	0	0	2	1	0	3	2	99	1	1	100	8	0	0	0	1	531	325	0	0	0	0	0	0	0	0	1.3
1036	15	28	0	origin	0	0	0	0	0	1	1	0	6	2	5	1	1	100	8	0	0	0	1	405	67	2131	2116	0	0	0	0	0	0	1.1
1038	15	24	0	origin	0	0	0	0	0	1	1	0	6	2	5	1	1	100	10	0	0	0	1	404	68	2132	2117	0	0	0	0	0	0	1.1
1039	30	20	0	eff_front01	0	0	4.2	0	0	1	1	0.5	4	2	3	1	1	100	7	15	0	0	1	549	69	0	0	0	0	0	0	0	0	1.5
1040	10	20	0	eff_rangeattack02	0	0	0	0	0	1	3	1	99	0	15	1	1	100	6	0	0	0	1	437	70	0	0	0	0	0	0	0	0	1.5
1042	20	30	0	eff_rangeattack02	0	0	0	0	0	1	3	1	99	0	15	6	6	100	6	0	0	0	1	447	71	0	0	0	0	0	0	0	0	1.5
1043	30	20	0	eff_front01	0	0	0	0	0	1	1	0.5	4.5	2	3.5	1	1	100	6	15	0	0	1	551	72	0	0	0	0	0	0	0	0	1.3
1044	10	20	0	eff_front01	0	0	0	0	0	2	1	0.5	2.5	2	99	1	1	100	6	0	0	0	1	479	73	1883	1864	0	0	0	0	0	0	1.3
1045	30	20	0	eff_front01	0	0	0	0	0	1	1	0.5	2.5	2	1.5	1	1	100	6	15	0	0	1	538	74	0	0	0	0	0	0	0	0	1.4
1046	30	20	0	eff_front01	0	0	0	0	0	1	1	0.5	5	2	4	1	1	100	6	0	0	0	1	552	75	0	0	0	0	0	0	0	0	1.4
1048	10	30	0	eff_rangeattack02	0	0	0	0	0	1	1	0.5	3	2	2	1	1	100	6	0	0	0	1	550	77	0	0	0	0	0	0	0	0	1.2
1052	20	15	0	eff_rangeattack02	0	0	0	0	0	1	3	1	99	0	15	1	1	100	6	0	0	0	1	443	11	0	0	0	0	0	0	0	0	1.8
1053	20	30	0	eff_rangeattack02	0	0	0	0	0	1	3	0.5	99	0	6	1	1	100	8	0	0	0	1	455	53	0	0	0	0	0	0	0	0	1.4
1054	20	20	4	origin	0	0	0	0	0	1	0	0	99	0	99	1	1	100	10	15	0	0	1	617	392	0	0	0	0	0	0	0	0	1.3
1055	20	15	0	eff_rangeattack02	0	0	0	0	0	1	3	1	99	0	15	1	1	100	6	0	0	0	1	446	78	0	0	0	0	0	0	0	0	1.8
1056	50	50	0	eff_rangeattack02	0	0	0	0	0	1	3	0	99	0	25	1	1	100	12	0	0	0	1	424	79	0	0	0	0	0	0	0	0	1.3
3015	50	50	0	eff_rangeattack02	0	0	0	0	0	1	3	0	99	0	25	1	1	100	12	0	0	0	1	1962	1961	0	0	0	0	0	0	0	0	1.3
1057	20	48	0	origin	0	0	0	0	0	1	1	0	6	2	5	1	1	100	8	0	0	0	1	415	80	0	0	0	0	0	0	0	0	1.2
1058	30	45	0	eff_rangeattack02	0	0	0	0	0	1	3	0	99	0	25	1	1	100	8	0	0	0	1	419	81	0	0	0	0	0	0	0	0	1.5
1059	35	30	1	origin	0	0	0	0	0	1	3	1	99	0	99	1	1	100	12	0	0	0	1	566	82	0	0	0	0	0	0	0	0	1.3
1060	30	30	0	eff_rangeattack02	0	0	0	0	0	1	3	0	99	0	25	1	1	100	6	0	0	0	1	417	83	0	0	0	0	0	0	0	0	1.5
1061	15	20	0	eff_rangeattack02	0	0	0	0	0	1	3	0.5	99	0	5	1	1	100	6	11	0	0	1	459	84	0	0	0	0	0	0	0	0	1.4
1063	35	60	0	eff_rangeattack02	0	0	0	0	0	1	3	0	99	0	25	1	1	100	20	0	0	0	1	420	85	0	0	0	0	0	0	0	0	1.3
1064	10	20	0	eff_front01	0	0	0	0	0	2	1	0.5	2	2	99	1	1	100	6	0	0	0	1	498	86	2078	2051	0	0	0	0	0	0	1.2
1071	10	25	0	eff_front01	0	0	0	0	0	1	1	0.5	3	2	99	1	1	100	7	0	0	0	1	508	89	0	0	0	0	0	0	0	0	1.3
1073	20	10	0	eff_rangeattack02	0	0	0	0	0	1	3	1	99	0	15	1	1	100	12	0	0	0	1	463	91	0	0	0	0	0	0	0	0	1.5
1074	20	20	0	eff_center01	0	0	0	0	0	1	0	0	99	0	99	1	1	100	15	15	0	0	1	624	394	0	0	0	0	0	0	0	0	1
1075	15	20	0	eff_rangeattack02	0	0	0	0	0	1	3	0.5	99	0	5	1	1	100	6	0	0	0	1	451	12	0	0	0	0	0	0	0	0	1.4
1076	15	30	0	eff_rangeattack02	0	0	0	0	0	1	3	0	99	0	25	1	1	100	12	0	0	0	1	418	13	0	0	0	0	0	0	0	0	1.3
1077	15	40	0	eff_rangeattack02	0	0	0	0	0	1	1	0.5	3	2	2	1	1	100	10	0	0	0	1	469	92	0	0	0	0	0	0	0	0	1.3
1078	15	40	0	eff_rangeattack02	0	0	0	0	0	1	1	0.5	3	2	2	1	1	100	10	0	0	0	1	466	14	0	0	0	0	0	0	0	0	1.3
1079	15	40	0	eff_rangeattack02	0	0	0	0	0	1	1	0.5	3	2	2	1	1	100	10	0	0	0	1	467	93	0	0	0	0	0	0	0	0	1.3
1081	20	20	0	eff_rangeattack02	0	0	0	0	0	1	3	1	99	0	9	1	1	100	9	18	0	0	1	416	94	0	0	0	0	0	0	0	0	1.4
1083	10	30	5	origin	0	0	0	0	0	1	3	0.5	99	0	99	1	1	100	7	0	0	0	1	602	95	0	0	0	0	0	0	0	0	1.7
1084	25	15	1	eff_center01	0	0	0	0	0	1	3	1	99	0	99	1	1	100	6	0	0	0	1	558	96	0	0	0	0	0	0	0	0	1.5
1085	25	20	1	eff_center01	0	0	0	0	0	1	3	1	99	0	99	1	1	100	8	0	0	0	1	572	97	0	0	0	0	0	0	0	0	1.2
1086	15	30	0	eff_rangeattack02	0	0	0	0	0	1	3	1	99	0	5	1	1	100	10	0	0	0	1	468	98	0	0	0	0	0	0	0	0	1.4
1087	30	10	1	origin	0	0	0	0	0	1	3	1	99	0	99	1	1	100	10	0	0	0	1	556	99	0	0	0	0	0	0	0	0	1.8
1088	20	30	1	eff_center01	0	5	0	1	0	1	3	1	99	0	99	1	1	100	6	0	0	0	1	554	100	0	0	0	0	0	0	0	0	1.4
1089	18	33	4	origin	0	0	0	0	0	1	1	0.5	2.5	2	99	1	1	100	10	0	0	0	1	505	101	0	0	0	0	0	0	0	0	1.2
1091	40	20	6	origin	0	0	0	0	0	1	1	0.5	8	2	7	1	1	100	12	0	0	0	1	578	103	0	0	0	0	0	0	0	0	1.1
1092	20	20	5	origin	0	0	0	0	0	1	1	0.5	6	2	3	1	1	100	10	0	0	0	1	567	104	0	0	0	0	0	0	0	0	1.5
1093	20	30	1	eff_center01	0	0	0	0	0	1	3	1	99	0	99	1	1	100	6	0	0	0	1	565	105	0	0	0	0	0	0	0	0	1.5
1094	20	30	1	eff_center01	0	0	0	0	0	1	3	1	99	0	99	1	1	100	8	18	0	0	1	564	15	0	0	0	0	0	0	0	0	1.3
1095	20	30	1	eff_center01	0	0	0	0	0	1	1	0.5	6	2	3	1	1	100	10	0	0	0	1	576	106	0	0	0	0	0	0	0	0	1.5
1097	30	10	0	eff_center01	0	0	0	0	0	1	0	0	99	0	99	1	1	100	12	18	0	0	1	1824	1823	0	0	0	0	0	0	0	0	1
1098	0	20	2	origin	0	0	0	0	0	2	1	0.5	6.5	2	5.5	1	1	100	3	0	0	0	1	592	16	0	0	0	0	0	0	0	0	1.2
1100	10	0	0	origin	0	0	0	0	0	1	0	0	99	0	99	1	1	100	7	0	0	0	1	649	107	0	0	0	0	0	0	0	0	1
1103	1	20	0	eff_front01	0	0	0	0	0	1	1	0.5	4.5	2	3.5	1	1	100	10	33	0	0	1	537	108	0	0	0	0	0	0	0	0	1.2
1104	40	10	0	eff_center01	0	0	0	0	0	1	0	0	99	0	99	1	1	100	12	0	0	0	1	636	109	0	0	0	0	0	0	0	0	1
1105	25	30	0	eff_center01	0	0	0	0	0	1	0	0	99	0	99	1	1	100	15	0	0	0	1	638	110	0	0	0	0	0	0	0	0	1
1106	30	10	0	eff_center01	0	0	0	0	0	1	0	0	99	0	99	1	1	100	6	18	0	0	1	637	111	0	0	0	0	0	0	0	0	1
1108	1	20	4	origin	0	0	0	0	0	1	0	0	99	0	99	1	1	100	10	0	0	0	1	609	364	0	0	0	0	0	0	0	0	1.5
1109	20	40	0	eff_rangeattack02	0	0	0	0	0	1	3	1	99	0	13	1	1	100	6	0	0	0	1	465	112	0	0	0	0	0	0	0	0	1.4
1113	30	20	0	eff_center01	0	0	0	0	0	1	0	0	99	0	99	1	1	100	12	35	0	0	1	629	114	0	0	0	0	0	0	0	0	1
1114	20	20	4	origin	0	0	0	0	0	1	0	0	99	0	99	1	1	100	15	15	0	0	1	604	115	0	0	0	0	0	0	0	0	1.2
1115	30	20	0	eff_center01	0	0	0	0	0	1	0	0	99	0	99	1	1	100	12	35	0	0	1	631	116	0	0	0	0	0	0	0	0	1
1116	1	20	0	eff_center01	0	0	0	0	0	1	0	0	99	0	99	1	1	100	10	33	0	0	1	623	117	0	0	0	0	0	0	0	0	1
1118	1	20	0	eff_center01	0	0	0	0	0	1	0	0	99	0	99	1	1	100	4	0	0	0	1	654	118	0	0	0	0	0	0	0	0	1
1120	60	30	0	eff_center01	0	0	0	0	0	1	1	0.5	2.5	2	1	1	1	100	15	0	0	0	1	613	119	0	0	0	0	0	0	0	0	1.2
1122	10	20	0	eff_front01	0	0	0	0	0	1	1	0.5	2.5	2	99	1	1	100	6	0	0	0	1	482	120	2080	2053	0	0	0	0	0	0	1.2
1126	35	30	0	eff_rangeattack02	0	0	0	0	0	1	3	1	99	0	9	1	1	85	10	0	0	0	1	442	54	0	0	0	0	0	0	0	0	1.4
1127	15	28	0	origin	0	0	0	0	0	1	1	0	6	2	5	1	1	100	8	0	0	0	1	408	122	2134	2119	0	0	0	0	0	0	1.1
1129	10	15	0	eff_rangeattack02	0	0	0	0	0	1	3	1	99	0	19	1	1	100	5	0	0	0	1	439	123	0	0	0	0	0	0	0	0	1.2
1133	1	20	0	eff_center01	0	0	0	0	0	1	0	0	99	0	99	1	1	100	9	33	0	0	1	628	124	0	0	0	0	0	0	0	0	1
1137	10	20	0	eff_front01	0	0	0	0	0	1	1	0.5	3.5	2	2.5	1	1	100	8	0	0	0	1	546	353	0	0	0	0	0	0	0	0	1.2
1141	10	0	0	eff_front01	0	0	0.3	0	0	1	1	0.5	3	2	99	1	1	100	9	0	0	0	1	533	351	1884	1865	0	0	0	0	0	0	1.3
1150	10	30	0	eff_rangeattack02	0	0	0	0	0	2	0	0	99	0	99	1	1	100	4	0	0	0	1	642	128	0	0	0	0	0	0	0	0	1
1151	1	20	0	eff_center01	0	0	0	0	0	1	0	0	99	0	99	1	1	100	9	33	0	0	1	648	373	0	0	0	0	0	0	0	0	1
1153	50	30	0	eff_center01	0	0	0	0	0	0.5	1	0.5	2.5	2	1	1	1	100	15	0	0	0	1	614	129	0	0	0	0	0	0	0	0	1.4
1157	20	30	1	eff_center01	0	7	0	0	0	1	3	1	99	0	99	1	1	100	7	0	0	0	1	555	131	0	0	0	0	0	0	0	0	1.2
3004	0	0	0		0	0	0	2	0	0	0	0	0	0	0	0	0	0	0	0	0	0	0	667	389	0	0	0	0	0	0	0	0	1.2
1162	20	20	0	eff_front01	0	0	0	0	0	1	1	0.5	2.5	2	99	1	1	100	9	0	0	0	1	529	349	1885	1866	0	0	0	0	0	0	1.3
1163	10	20	0	eff_front01	0	0	0	0	0	1	1	0.5	3	2	99	1	1	100	7	0	0	0	1	493	132	2081	2054	0	0	0	0	0	0	1.2
1164	1	30	4	eff_frontunder01	0	0	3.5	0	0	1	0	0	99	0	99	1	1	100	10	0	0	0	1	610	366	0	0	0	0	0	0	0	0	1
1172	15	24	0	origin	0	0	0	0	0	1	1	0	6	2	5	1	1	100	6	0	0	0	1	414	335	2135	2120	0	0	0	0	0	0	1.1
1174	1	20	0	eff_center01	0	0	0	0	0	1	0	0	99	0	99	1	1	100	15	18	0	0	1	540	133	0	0	0	0	0	0	0	0	1
1998	30	20	1	eff_center01	0	0	0	0	0	1	1	0.5	8	2	7	1	1	100	15	0	0	0	1	1851	1847	0	0	0	0	0	0	0	0	1
1182	0	45	0	eff_center01	0	0	0	0	0	1	0	0	99	0	99	1	1	100	12	0	0	0	1	643	17	0	0	0	0	0	0	0	0	1
1183	0	20	2	origin	0	0	0	0	0	2	1	0.5	6.5	2	5.5	1	1	100	3	0	0	0	1	587	134	0	0	0	0	0	0	0	0	1
1188	15	20	0	eff_rangeattack02	0	0	0	0	0	1	3	0.5	99	0	25	1	1	100	7	0	0	0	1	438	136	0	0	0	0	0	0	0	0	1.4
1191	1	20	0	eff_rangeattack02	0	0	0	0	0	1	3	0.5	99	0	99	1	1	100	7	0	0	0	1	605	138	1753	1750	2216	2215	0	0	0	0	1.3
1192	50	30	0	eff_rangeattack02	0	0	0	0	0	1	3	0	99	0	14	1	1	100	15	0	0	0	1	448	139	0	0	0	0	0	0	0	0	1.4
1195	30	20	0	origin	0	0	2	0	0	1	1	0.5	3	2	1	1	1	100	20	0	0	0	1	539	141	0	0	0	0	0	0	0	0	1.5
1196	20	15	1	origin	0	0	0	0	0	1	3	1	99	0	99	1	1	100	7	11	0	0	1	570	357	0	0	0	0	0	0	0	0	1.5
1197	0	18	0	eff_center01	0	0	0	0	0	1	0	0	99	0	99	1	1	100	10	0	0	0	2	625	371	0	0	0	0	0	0	0	0	1
1200	30	0	0	eff_front01	0	0	0	0	0	2	1	0.5	3	2	99	1	1	100	15	0	0	0	1	474	142	1718	1685	0	0	0	0	0	0	1.4
1202	10	25	0	eff_front01	0	0	0	0	0	1	1	0.5	3.5	2	99	1	1	100	9	0	0	0	1	507	144	0	0	0	0	0	0	0	0	1.3
1203	0	15	0	eff_center01	0	0	0	0	0	2	0	0	99	0	99	1	1	100	9	0	0	0	1	652	375	0	0	0	0	0	0	0	0	1
1204	1	20	1	eff_center01	0	0	0	0	0	1	1	0.5	4	2	3	1	1	100	10	33	0	0	1	545	145	0	0	0	0	0	0	0	0	1.2
1205	15	24	0	origin	0	0	0	0	0	1	1	0	6	2	5	1	1	100	6	0	0	0	1	410	332	2136	2121	0	0	0	0	0	0	1.2
1209	15	28	0	origin	0	0	0	0	0	1	1	0	6	2	5	1	1	100	6	0	0	0	1	412	334	2137	2122	412	2137	0	0	0	0	1.2
1211	10	20	0	eff_front01	0	0	0	0	0	1	1	0.5	3	2	99	1	1	100	7	18	0	0	1	496	148	2083	2056	0	0	0	0	0	0	1.4
1219	10	20	0	eff_center01	0	0	0	0	0	1	0	0	99	0	99	1	1	100	12	0	0	0	1	639	152	0	0	0	0	0	0	0	0	1
1223	35	15	0	eff_front01	0	0	0	0	0	1	1	0.5	3	2	99	1	1	100	12	0	0	0	1	491	153	2084	2057	0	0	0	0	0	0	1.2
1224	17	28	0	origin	0	0	0	0	0	1	1	0	6	2	5	1	1	100	10	0	0	0	1	409	154	2138	2123	0	0	0	0	0	0	1.2
1225	20	30	0	eff_rangeattack02	0	0	0	0	0	1	3	0.5	99	0	6	1	1	100	6	0	0	0	1	453	155	0	0	0	0	0	0	0	0	1.4
1231	15	20	0	eff_front01	0	0	0.7	0	0	1	1	0.5	1.5	2	99	1	1	100	10	18	0	0	1	494	158	2111	2108	0	0	0	0	0	0	1.3
1232	10	20	0	eff_front01	0	0	0	0	0	1	1	0.5	3	2	99	1	1	100	6	11	0	0	1	497	159	2085	2058	0	0	0	0	0	0	1.3
1234	15	30	0	eff_center01	0	0	0	0	0	1	0	0	99	0	99	1	1	100	15	0	0	0	1	651	374	0	0	0	0	0	0	0	0	1
1235	15	30	0	eff_center01	0	0	0	0	0	1	0	0	99	0	99	1	1	100	15	0	0	0	1	626	372	0	0	0	0	0	0	0	0	1
1236	15	40	0	eff_center01	0	0	0	0	0	1	0	0	99	0	99	1	1	100	15	0	0	0	1	647	160	0	0	0	0	0	0	0	0	1
1239	12	10	1	origin	0	0	0	0	0	1	3	1	99	0	99	1	1	100	6	0	0	0	1	573	359	0	0	0	0	0	0	0	0	1.5
1242	10	20	0	eff_front01	0	0	0	0	0	2	1	0.5	2.5	2	99	1	1	100	8	18	0	0	1	478	163	1886	1867	0	0	0	0	0	0	1.3
1245	0	20	2	origin	0	0	0	0	0	2	1	0.5	8.5	2	7	1	1	100	3	0	0	0	1	591	164	0	0	0	0	0	0	0	0	1.2
1247	10	30	0	eff_rangeattack02	0	0	0	0	0	1	3	1	99	0	15	1	1	100	8	18	0	0	1	433	165	0	0	0	0	0	0	0	0	1.2
1248	10	30	1	origin	0	0	0	0	0	1	3	1	99	0	99	1	1	100	10	0	0	5	1	615	369	0	0	0	0	0	0	0	0	1.3
3007	0	0	0		0	0	0	2	0	0	0	0	0	0	0	0	0	0	0	0	0	0	0	1721	1688	0	0	0	0	0	0	0	0	1.3
1249	10	20	0	eff_front01	0	0	0	0	0	2	1	0.5	3	2	99	1	1	100	6	11	0	0	1	480	166	1887	1868	0	0	0	0	0	0	1.3
1250	10	30	5	origin	0	0	0	0	0	1	3	0.5	99	0	99	1	1	100	7	0	0	0	1	603	167	0	0	0	0	0	0	0	0	1.7
1257	30	40	1	origin	0	0	0	0	0	1	3	1	99	0	99	1	1	100	9	0	0	0	1	574	360	0	0	0	0	0	0	0	0	1.5
1261	20	40	0	eff_rangeattack02	0	0	0	0	0	1	3	0	99	0	7	1	1	100	10	0	0	0	1	464	168	0	0	0	0	0	0	0	0	1.4
1268	30	20	0	eff_center01	0	0	0	0	0	1	0	0	99	0	99	1	1	100	10	18	0	0	1	622	393	0	0	0	0	0	0	0	0	1
1269	10	20	1	eff_headcenter01	0	0	0	0	0	1	1	0.5	8	2	2	1	1	100	12	0	0	0	1	541	171	0	0	0	0	0	0	0	0	1.2
1273	45	30	0	eff_center01	0	0	0	0	0	1	0	0	99	0	99	1	1	100	12	0	0	0	1	641	173	0	0	0	0	0	0	0	0	1
1280	10	20	0	eff_front01	0	0	0	0	0	2	1	0.5	3	2	99	1	1	100	7	0	0	0	1	481	175	1888	1869	0	0	0	0	0	0	1.3
1282	10	20	0	eff_front01	0	0	0	0	0	2	1	0.5	3	2	99	1	1	100	10	0	0	0	1	486	177	1889	1870	0	0	0	0	0	0	1.3
1297	1	20	0	eff_center01	0	0	1.5	0	0	1	1	0.5	3	2	1	1	1	100	10	33	0	0	1	548	355	0	0	0	0	0	0	0	0	1.2
1304	15	25	0	eff_front01	0	0.2	0	0	0	1	1	0.5	4	2	4	1	1	100	8	0	0	0	1	454	181	0	0	0	0	0	0	0	0	1.2
1313	1	20	0	eff_center01	0	0	2	0	0	1	1	0.5	3	2	2	1	1	100	10	33	0	0	1	534	390	0	0	0	0	0	0	0	0	1
1315	15	30	0	origin	0	0	0	0	0	1	1	0.5	2.5	2	99	1	1	100	10	30	0	0	1	513	187	0	0	0	0	0	0	0	0	1.25
1317	25	30	0	eff_front01	0	1.5	2	1	0	1	1	0.5	8	2	7	1	1	100	10	11	0	0	1	600	188	0	0	0	0	0	0	0	0	1.2
1319	1	20	0	eff_front01	0	0	0	0	0	1	1	0.5	4.5	2	3.5	1	1	100	10	33	0	0	1	547	354	0	0	0	0	0	0	0	0	1.2
1328	10	30	5	origin	0	0	0	0	0	1	3	0.5	99	0	99	1	1	100	7	0	0	0	1	601	190	0	0	0	0	0	0	0	0	1.7
1331	20	20	0	eff_rangeattack02	0	0	0	0	0	1	3	0.5	99	0	15	6	6	100	6	0	0	0	1	457	336	0	0	0	0	0	0	0	0	1
1332	1	20	0	eff_front01	0	0	0	0	0	2	1	0.5	3	2	99	1	1	100	9	0	0	0	1	516	339	2086	2059	0	0	0	0	0	0	1.4
1334	1	20	0	eff_center01	0	0	0	0	0	1	0	0	99	0	99	1	1	100	9	33	0	0	1	645	193	0	0	0	0	0	0	0	0	1
1337	10	20	0	eff_front01	0	0	0	0	0	2	1	0.5	3	2	99	1	1	100	8	0	0	0	1	492	194	2087	2060	0	0	0	0	0	0	1.3
1339	40	20	0	eff_center01	0	0	0	0	0	1	0	0	99	0	99	1	1	100	18	15	0	0	1	633	196	0	0	0	0	0	0	0	0	1
1340	40	20	7	origin	0	0	0	0	0	1	1	0.5	6	2	5	1	1	100	12	0	0	0	1	582	197	0	0	0	0	0	0	0	0	1.2
1341	20	20	0	eff_rangeattack02	0	0	0	0	0	1	3	1	99	0	15	1	1	100	6	11	0	0	1	435	198	0	0	0	0	0	0	0	0	1.5
1344	10	18	0	origin	0	0	0	0	0	1	1	0	6	2	5	1	1	100	9	0	0	0	1	403	199	2139	2124	403	2139	0	0	0	0	1.2
1345	20	30	0	eff_rangeattack02	0	0	0	0	0	1	3	0	99	0	19	1	1	100	6	0	0	0	1	458	337	0	0	0	0	0	0	0	0	1.8
1347	40	20	0	eff_center01	0	0	0	0	0	1	0	0	99	0	99	1	1	100	18	15	0	0	1	630	200	0	0	0	0	0	0	0	0	1
1348	10	20	0	eff_front01	0	0.25	0	0	0	2	1	0.5	3	2	99	1	1	100	8	0	0	0	1	472	201	1890	1871	0	0	0	0	0	0	1.2
1350	20	20	0	eff_rangeattack02	0	0	0	0	0	1	3	1	99	0	15	6	6	100	6	0	0	0	1	428	203	0	0	0	0	0	0	0	0	1
1352	15	15	0	eff_rangeattack02	0	0	0	0	0	1	3	1	99	0	9	1	1	100	6	0	0	0	1	456	204	0	0	0	0	0	0	0	0	1.5
1369	10	0	0	eff_front01	0	0	0	0	0	1	1	0.5	3	2	99	1	1	100	12	0	0	0	1	597	206	2088	2061	0	0	0	0	0	0	1.3
1370	30	10	2	origin	0	0	0	0	0	1	1	0.5	3	2	3	1	1	100	12	15	0	0	1	586	207	0	0	0	0	0	0	0	0	1.2
1377	15	30	1	eff_center01	0	0	0	0	0	1	1	0.5	8	2	3	1	1	100	12	0	0	0	1	535	391	0	0	0	0	0	0	0	0	1
1390	1	20	0	eff_rangeattack02	0	0	0	0	0	1	3	0	99	0	99	1	1	100	7	0	0	0	1	606	209	1754	1751	2218	2217	0	0	0	0	1.3
1392	35	20	0	eff_center01	0	0	0	0	0	1	0	0	99	0	99	1	1	100	10	0	0	0	1	655	377	0	0	0	0	0	0	0	0	1
1394	15	22	0	origin	0	0	0	0	0	1	1	0	6	2	5	1	1	100	8	0	0	0	1	407	210	2140	2125	0	0	0	0	0	0	1.2
1396	20	30	0	eff_rangeattack02	0	0	0	0	0	1	3	1	99	0	19	1	1	100	8	0	0	0	1	430	211	0	0	0	0	0	0	0	0	1.2
1398	10	20	0	eff_front01	0	0	0	0	0	2	1	0.5	3	2	99	1	1	100	8	0	0	0	1	490	212	1891	1872	0	0	0	0	0	0	1.3
1399	20	20	0	eff_rangeattack02	0	0	0	0	0	1	3	1	99	0	15	1	1	100	8	0	0	0	1	450	213	0	0	0	0	0	0	0	0	1.5
1400	10	20	0	eff_front01	0	0	0	0	0	2	1	0.5	3	2	99	1	1	100	7	0	0	0	1	477	214	2089	2062	0	0	0	0	0	0	1.2
1403	20	20	0	eff_rangeattack02	0	0	0	0	0	1	3	0	99	0	15	1	1	95	7	0	0	0	1	462	216	0	0	0	0	0	0	0	0	1.4
1404	10	20	0	eff_front01	0	0	0	0	0	1	1	0.5	3	2	99	1	1	100	8	0	0	0	1	503	217	2090	2063	0	0	0	0	0	0	1.2
1405	20	20	0	eff_rangeattack02	0	0	0	0	0	1	3	0	99	0	6	1	1	100	8	18	0	0	1	427	218	0	0	0	0	0	0	0	0	1.5
1406	20	15	0	eff_rangeattack02	0	0	0	0	0	1	3	1	99	0	6	1	1	100	8	0	0	0	1	449	219	0	0	0	0	0	0	0	0	1.5
1407	25	20	2	origin	0	0	0	0	0	1	1	0.5	3	2	4	1	1	100	12	0	0	0	1	579	220	0	0	0	0	0	0	0	0	1.2
1408	30	60	0	eff_rangeattack02	0	0	0	0	0	1	3	0	99	0	25	1	1	100	8	0	0	0	1	425	221	0	0	0	0	0	0	0	0	2
1411	25	30	0	eff_rangeattack02	0	0	0	0	0	1	3	1	99	0	15	1	1	70	12	18	0	0	1	429	222	0	0	0	0	0	0	0	0	1.8
1412	20	30	0	eff_rangeattack02	0	0	0	0	0	1	3	1	99	0	15	1	1	100	8	18	0	0	1	431	223	0	0	0	0	0	0	0	0	1.3
1413	15	24	0	origin	0	0	0	0	0	1	1	0	6	2	5	1	1	100	10	0	0	5	1	406	224	2141	2126	0	0	0	0	0	0	1.2
1414	35	30	5	origin	0	0	0	0	0	1	3	1	99	0	99	1	1	100	8	18	0	0	1	563	225	0	0	0	0	0	0	0	0	1.2
1416	20	0	2	origin	0	0	0	0	0	1	1	0.5	3	2	4	1	1	100	20	0	0	0	1	580	226	0	0	0	0	0	0	0	0	1.2
1417	25	20	0	eff_center01	0	0	0	0	0	1	0	0	99	0	99	1	1	100	15	23	0	0	1	627	227	0	0	0	0	0	0	0	0	1
1418	0	20	2	origin	0	0	0	0	0	2	1	0.5	6.5	2	5.5	1	1	100	3	0	0	0	1	585	228	0	0	0	0	0	0	0	0	1.2
1420	0	20	0	eff_rangeattack02	0	0	0	0	0	1	3	0.5	99	0	15	1	1	100	3	0	0	0	1	434	230	0	0	0	0	0	0	0	0	1.5
1421	10	20	0	eff_front01	0	0	0	0	0	1	1	0.5	3	2	99	1	1	100	7	0	0	0	1	483	231	2091	2064	0	0	0	0	0	0	1.3
1422	10	20	0	eff_front01	0	0	0	0	0	2	1	0.5	2.5	2	99	1	1	100	6	0	0	0	1	487	232	1892	1873	0	0	0	0	0	0	1.3
1423	10	20	0	eff_front01	0	0	0	0	0	2	1	0.5	2.5	2	99	1	1	100	6	0	0	0	1	484	233	1893	1874	0	0	0	0	0	0	1.3
1424	10	20	0	eff_front01	0	0	0	0	0	2	1	0.5	2.5	2	99	1	1	100	6	0	0	0	1	501	234	1894	1875	0	0	0	0	0	0	1.3
1425	0	10	5	origin	0	0	0	0	0	1	1	0.5	7.5	2	6.5	1	1	100	3	0	0	0	1	589	235	0	0	0	0	0	0	0	0	1.5
1427	10	20	0	eff_front01	0	0	0	0	0	1	1	0.5	3	2	99	1	1	100	7	0	0	0	1	509	236	2092	2065	0	0	0	0	0	0	1.3
1428	15	20	0	eff_front01	0	0	0	0	0	1	1	0.5	2.5	2	99	1	1	100	8	0	0	0	1	473	237	2093	2066	0	0	0	0	0	0	1.2
1430	20	20	0	eff_rangeattack02	0	0	0	0	0	1	3	1	99	0	15	1	1	100	8	18	0	0	1	440	238	0	0	0	0	0	0	0	0	1.4
1434	40	80	1	origin	0	0	0	0	0	1	3	0	99	0	99	1	1	100	10	30	0	5	1	559	240	0	0	0	0	0	0	0	0	1
3009	0	0	0		0	0	0	2	0	0	0	0	0	0	0	0	0	0	0	0	0	0	0	1729	1696	0	0	0	0	0	0	0	0	1
1435	12	30	0	origin	0	0	0	0	0	1	1	0.5	2.5	2	99	1	1	100	8	0	0	0	1	506	241	0	0	0	0	0	0	0	0	1.4
1436	12	30	0	origin	0	0	0	0	0	1	1	0.5	2.5	2	99	1	1	100	8	0	0	0	1	525	345	0	0	0	0	0	0	0	0	1.4
1437	20	10	0	eff_rangeattack02	0	0	0	0	0	1	3	1	99	0	9	1	1	100	10	30	0	0	1	452	242	0	0	0	0	0	0	0	0	1.2
1438	20	0	0	origin	0	0	0.5	0	0	1	1	0.5	3	2	99	1	1	100	12	0	0	0	1	524	344	1895	1876	0	0	0	0	0	0	1.2
1441	30	20	0	eff_rangeattack02	0	0	0	0	0	1	3	1	99	0	15	1	1	100	10	0	0	0	1	436	244	0	0	0	0	0	0	0	0	1.5
1442	15	20	0	eff_front01	0	0	0	0	0	1	1	0.5	2.5	2	99	1	1	100	8	0	0	0	1	495	245	2094	2067	0	0	0	0	0	0	1.2
1444	15	20	4	origin	0	0	4	0	0	1	1	0.5	3	2	99	1	1	100	10	0	0	0	1	510	246	0	0	0	0	0	0	0	0	1.3
1446	30	30	0	origin	0	0	0	2	0	1	3	0.5	99	0	99	1	1	100	10	0	0	0	1	607	247	1755	1752	0	0	0	0	0	0	1.3
1452	15	0	0	origin	0	0	2	0	0	1	1	0.5	3	2	99	1	1	100	10	0	0	0	1	521	342	1896	1877	0	0	0	0	0	0	1.3
1453	0	20	2	origin	0	0	0	0	0	2	1	0.5	6.5	2	5.5	1	1	100	3	0	0	0	1	593	248	0	0	0	0	0	0	0	0	1.2
1457	15	26	0	origin	0	0	0	0	0	1	1	0	6	2	5	1	1	100	10	0	0	5	1	402	249	2142	2127	0	0	0	0	0	0	1.1
1473	20	30	1	eff_center01	0	0	0	0	0	1	3	1	99	0	99	1	1	100	8	0	0	0	1	553	356	0	0	0	0	0	0	0	0	1.3
1482	15	40	0	origin	0	0	0	0	0	1	1	0.5	2.5	2	99	1	1	100	8	0	0	0	1	515	253	0	0	0	0	0	0	0	0	1.4
1484	25	20	2	origin	0	0	0	0	0	1	1	1	3	2	2	1	1	100	10	0	0	0	1	581	255	0	0	0	0	0	0	0	0	1.2
1521	10	0	0	eff_front01	0	0	0	0	0	1	1	0.5	3	2	99	1	1	100	12	0	0	0	1	598	262	2095	2068	0	0	0	0	0	0	1.3
1523	15	20	4	origin	0	0	0	0	0	1	1	0.5	2.5	2	99	1	1	100	6	11	0	0	1	526	346	0	0	0	0	0	0	0	0	1.4
1526	40	20	0	eff_center01	0	0	0	0	0	1	0	0	99	0	99	1	1	100	15	15	0	0	1	653	376	0	0	0	0	0	0	0	0	1
1527	10	30	5	origin	0	0	0	0	0	1	1	0.5	3	2	2	1	1	100	7	5.1	0	0	1	599	264	0	0	0	0	0	0	0	0	1.4
1528	15	24	0	origin	0	0	0	0	0	1	1	0	6	2	5	1	1	100	8	0	0	0	1	413	327	2143	2128	413	2143	0	0	0	0	1.2
1529	15	24	0	origin	0	0	0	0	0	1	1	0	6	2	5	1	1	100	8	0	0	0	1	411	333	2144	2129	0	0	0	0	0	0	1.2
3017	20	24	0	origin	0	0	1.5	0	0	1	1	0	6	2	5	1	1	100	8	0	0	0	1	1964	1963	2145	2130	0	0	0	0	0	0	1.2
1532	10	0	0	eff_front01	0	0	0.5	0	0	2	1	0.5	3	2	99	1	1	100	9	0	0	0	1	522	343	1897	1878	0	0	0	0	0	0	1.3
1535	25	20	2	origin	0	0	0	0	0	1	1	1	3	2	2	1	1	100	10	0	0	0	1	594	361	0	0	0	0	0	0	0	0	1.2
1538	1	20	0	eff_center01	0	0	0	0	0	1	0	0	99	0	99	1	1	100	10	45	0	0	1	634	266	0	0	0	0	0	0	0	0	1
1540	20	30	0	eff_rangeattack02	0	0	0	0	0	1	3	0.5	99	0	15	1	1	100	9	0	0	0	1	460	267	0	0	0	0	0	0	0	0	1.3
1542	30	50	1	origin	0	0	0	0	0	1	3	1	99	0	99	1	1	100	10	0	0	0	1	568	268	0	0	0	0	0	0	0	0	1.1
1555	10	20	0	eff_face01	0	0	0.3	0	0	1	1	0.5	3	2	99	1	1	100	9	11	0	0	1	523	269	2096	2069	0	0	0	0	0	0	1.5
1556	20	30	1	eff_center01	0	7	0	1	0	1	3	1	99	0	99	1	1	100	8	0	0	0	1	571	358	0	0	0	0	0	0	0	0	1.2
1560	30	20	7	origin	0	0	0	0	0	1	1	0.5	6	2	5	1	1	100	9	0	0	0	1	577	270	0	0	0	0	0	0	0	0	1.15
1564	1	30	5	origin	0	0	0	0	0	1	1	0.5	6	2	3	1	1	100	7	5.1	0	0	1	611	367	0	0	0	0	0	0	0	0	1.6
1566	40	20	6	origin	0	0	0	0	0	1	1	0.5	8	2	7	1	1	100	12	0	0	0	1	590	271	0	0	0	0	0	0	0	0	1.1
1567	10	30	1	origin	0	0	0	0	0	1	1	0.5	8	2	3	1	1	100	10	0	0	0	1	543	272	0	0	0	0	0	0	0	0	1.3
1570	10	25	0	eff_front01	0	0	0	0	0	1	1	0.5	2	2	99	1	1	100	9	0	0	0	1	527	347	0	0	0	0	0	0	0	0	1.3
1571	10	30	1	origin	0	0	0	0	0	1	1	0.5	8	2	3	1	1	100	10	0	0	0	1	542	273	0	0	0	0	0	0	0	0	1.3
1573	10	30	0	origin	0	0	0	0	0	1	1	0.5	2.5	2	99	1	1	100	9	0	0	0	1	517	274	0	0	0	0	0	0	0	0	1.3
1574	10	15	0	eff_rangeattack02	0	0	0	0	0	1	1	0.5	3	2	8	1	1	100	6	0	0	0	1	426	275	0	0	0	0	0	0	0	0	1.5
1575	15	0	0	eff_front01	0	0	3.2	0	0	1	1	0.5	3	2	2	1	1	100	12	18	0	0	1	536	352	0	0	0	0	0	0	0	0	1.4
1576	1	20	1	eff_center01	0	0	0	0	0	1	1	0.5	3	2	2	1	1	100	10	0	0	0	1	471	276	0	0	0	0	0	0	0	0	1.2
1577	10	25	0	eff_front01	0	0	0	0	0	2	1	0.5	3	2	99	1	1	100	7	0	0	0	1	500	277	0	0	0	0	0	0	0	0	1.5
1583	20	20	2	origin	0	0	0	0	0	1	1	0.5	3	2	3	1	1	100	8	18	0	0	1	583	280	0	0	0	0	0	0	0	0	1.2
1584	12	10	1	origin	0	0	0	0	0	1	3	1	99	0	99	1	1	100	6	0	0	0	1	569	281	0	0	0	0	0	0	0	0	1.5
1585	20	30	0	eff_rangeattack02	0	0	0	0	0	1	3	1	99	0	15	1	1	100	8	18	0	0	1	441	282	0	0	0	0	0	0	0	0	1.4
1586	20	30	0	origin	0	0	0	0	0	1	1	0.5	2.5	2	99	1	1	100	12	0	0	0	1	532	350	0	0	0	0	0	0	0	0	1.3
1588	0	45	0	eff_center01	0	0	0	0	0	2	0	0	99	0	99	1	1	100	12	18	0	0	1	644	283	0	0	0	0	0	0	0	0	1
1591	20	20	0	eff_rangeattack02	0	0	0	0	0	1	3	0.5	99	0	9	1	1	100	10	33	0	0	1	461	284	0	0	0	0	0	0	0	0	1.2
1592	30	60	0	eff_rangeattack02	0	0	0	0	0	1	3	0	99	0	23	1	1	100	10	0	0	0	1	423	285	0	0	0	0	0	0	0	0	1.2
1593	20	20	7	origin	0	0	0	0	0	1	1	0.5	8	2	7	1	1	100	8	0	0	0	1	588	286	0	0	0	0	0	0	0	0	1.3
1594	0	20	0	eff_rangeattack02	0	0	0	0	0	1	3	1	99	0	15	1	1	100	3	0	0	0	1	445	287	0	0	0	0	0	0	0	0	1.8
3019	0	20	0	feeler_a_01	0	0	0	0	0	1	3	1	99	0	15	1	1	100	3	0	0	0	1	1960	1959	0	0	0	0	0	0	0	0	1
1595	20	30	0	eff_rangeattack02	0	0	0	0	0	1	3	0.5	99	0	7	1	1	100	8	11	0	0	1	444	288	0	0	0	0	0	0	0	0	1.4
1596	0	45	0	eff_center01	0	0	0	0	0	2	0	0	99	0	99	1	1	100	12	0	0	0	1	635	289	0	0	0	0	0	0	0	0	1
1598	1	20	1	eff_center01	0	0	0	0	0	1	1	0.5	4	2	3	1	1	100	10	33	0	0	1	544	290	0	0	0	0	0	0	0	0	1.2
1601	70	30	0	eff_center01	0	0	0	0	0	1	0	0	99	0	99	1	1	100	30	23	0	0	1	646	291	0	0	0	0	0	0	0	0	1
1605	10	30	0	eff_center01	0	0	0	0	0	1	1	0.5	2.5	2	99	1	1	100	8	0	0	0	1	518	293	0	0	0	0	0	0	0	0	1.3
1609	10	20	0	eff_front01	0	0	0	0	0	2	1	0.5	2.5	2	99	1	1	100	6	0	0	0	1	489	295	2099	2072	0	0	0	0	0	0	1.2
1611	10	20	0	eff_front01	0	0	0	0	0	1	1	0.5	3	2	99	1	1	100	6	20	0	0	1	504	296	2100	2073	0	0	0	0	0	0	1.3
1612	15	20	0	eff_front01	0	0	0	0	0	1	1	0.5	3	2	99	1	1	100	10	4.5	0	0	1	520	341	1978	1977	0	0	0	0	0	0	1.3
1613	30	60	0	eff_directionattack01	0	0	0	0	0	1	3	0	99	0	25	1	1	100	12	0	0	0	1	421	297	0	0	0	0	0	0	0	0	1.3
1614	35	30	1	eff_center01	0	7	0	0	0	1	3	1	99	0	99	1	1	100	10	0	0	0	1	557	298	0	0	0	0	0	0	0	0	1.1
3011	0	0	0		0	0	0	2	0	0	0	0	0	0	0	0	0	0	0	0	0	0	1	1739	1706	0	0	0	0	0	0	0	0	1.1
1615	20	30	4	origin	0	0	0	0	0	1	1	0.5	2.5	2	99	1	1	100	10	0	0	0	1	514	299	0	0	0	0	0	0	0	0	1.2
1616	25	30	5	origin	0	0	0	0	0	1	3	1	99	0	99	1	1	100	8	0	0	5	1	1773	300	0	0	0	0	0	0	0	0	1.1
1617	40	60	0	eff_rangeattack02	0	0	0	0	0	1	3	0	99	0	25	1	1	100	15	0	0	0	1	422	301	0	0	0	0	0	0	0	0	1.3
1621	35	30	1	eff_center01	0	0	0	0	0	1	3	1	99	0	99	1	1	100	10	15	0	0	1	575	303	0	0	0	0	0	0	0	0	1.2
1670	20	15	0	eff_rangeattack02	0	0	0	0	0	1	3	1	99	0	15	1	1	100	6	0	0	0	1	432	306	0	0	0	0	0	0	0	0	1.8
1679	20	20	2	origin	0	0	0	0	0	1	1	0.5	3	2	3	1	1	100	9	11	0	0	1	595	362	0	0	0	0	0	0	0	0	1.2
1687	35	60	0	eff_rangeattack02	0	0	0	0	0	1	3	0	99	0	23	1	1	100	15	0	0	0	1	562	308	0	0	0	0	0	0	0	0	1.2
3021	35	60	0	eff_rangeattack02	0	0	0	0	1	1	3	0	99	0	23	1	1	100	15	0	0	0	1	1852	1848	0	0	0	0	0	0	0	0	1.2
1693	10	20	0	eff_center01	0	0.25	0	0	0	1	1	0.5	2.5	2	99	1	1	100	6	0	0	0	1	519	340	0	0	0	0	0	0	0	0	1.4
1710	10	20	0	eff_front01	0	0	0	0	0	1	1	0.5	3	2	99	1	1	100	8	18	0	0	2	475	310	2101	2074	0	0	0	0	0	0	1.3
1748	50	20	0	eff_center01	0	0	0	0	0	1	0	0	99	0	99	1	1	100	60	18	0	0	1	632	312	0	0	0	0	0	0	0	0	1
1784	10	20	0	eff_front01	0	0	0.7	0	0	1	1	0.5	1.5	2	99	1	1	100	9	11	0	0	2	528	348	2112	2109	0	0	0	0	0	0	1.3
1812	10	0	0	eff_front01	0	0	0	0	0	2	1	1	3	2	99	1	1	100	12	0	0	0	1	596	318	2102	2075	0	0	0	0	0	0	1.3
1920	1	60	0	eff_rangeattack02	0	0	0	0	0	1	3	0	99	0	20	1	1	100	15	0	0	0	1	1749	321	0	0	0	0	0	0	0	0	1
1998	40	20	0	eff_center01	0	0	0	0	0	1	1	0.5	5	2	4	1	1	100	15	18	0	0	1	540	133	0	0	0	0	0	0	0	0	1
3068	0	0	1	eff_center01	0	30	0	2	0	1	3	1	99	0	99	1	1	100	6	0	0	5.75	1	0	0	0	0	0	0	0	0	0	0	1
3027	0	0	0		0	0	0	2	0	0	0	0	0	0	0	0	0	0	0	0	0	0	0	0	0	0	0	0	0	0	0	0	0	1
3028	0	0	0		0	0	0	2	0	0	0	0	0	0	0	0	0	0	0	0	0	0	0	0	0	0	0	0	0	0	0	0	0	1.1
3029	0	0	0		0	0	0	2	0	0	0	0	0	0	0	0	0	0	0	0	0	0	0	0	0	0	0	0	0	0	0	0	0	1.2
3030	0	0	0		0	0	0	2	0	0	0	0	0	0	0	0	0	0	0	0	0	0	0	0	0	0	0	0	0	0	0	0	0	1.3
3031	0	0	0		0	0	0	2	0	0	0	0	0	0	0	0	0	0	0	0	0	0	0	0	0	0	0	0	0	0	0	0	0	1.4
3032	0	0	0		0	0	0	2	0	0	0	0	0	0	0	0	0	0	0	0	0	0	0	0	0	0	0	0	0	0	0	0	0	1.5
3033	0	0	0		0	0	0	2	0	0	0	0	0	0	0	0	0	0	0	0	0	0	0	0	0	0	0	0	0	0	0	0	0	1.6
3034	0	0	0		0	0	0	2	0	0	0	0	0	0	0	0	0	0	0	0	0	0	0	0	0	0	0	0	0	0	0	0	0	1.7
3035	0	0	0		0	0	0	2	0	0	0	0	0	0	0	0	0	0	0	0	0	0	0	0	0	0	0	0	0	0	0	0	0	1.8
3036	0	0	0		0	0	0	2	0	0	0	0	0	0	0	0	0	0	0	0	0	0	0	0	0	0	0	0	0	0	0	0	0	1.9
3037	0	0	0		0	0	0	2	0	0	0	0	0	0	0	0	0	0	0	0	0	0	0	0	0	0	0	0	0	0	0	0	0	2
3038	0	0	0		0	0	0	2	0	0	0	0	0	0	0	0	0	0	0	0	0	0	0	0	0	0	0	0	0	0	0	0	0	2.1
3039	0	0	0		0	0	0	2	0	0	0	0	0	0	0	0	0	0	0	0	0	0	0	0	0	0	0	0	0	0	0	0	0	2.2
3040	0	0	0		0	0	0	2	0	0	0	0	0	0	0	0	0	0	0	0	0	0	0	0	0	0	0	0	0	0	0	0	0	2.3
3041	0	0	0		0	0	0	2	0	0	0	0	0	0	0	0	0	0	0	0	0	0	0	0	0	0	0	0	0	0	0	0	0	2.4
3042	0	0	0		0	0	0	2	0	0	0	0	0	0	0	0	0	0	0	0	0	0	0	0	0	0	0	0	0	0	0	0	0	2.5
3043	0	0	0		0	0	0	2	0	0	0	0	0	0	0	0	0	0	0	0	0	0	0	0	0	0	0	0	0	0	0	0	0	2.6
3044	0	0	0		0	0	0	2	0	0	0	0	0	0	0	0	0	0	0	0	0	0	0	0	0	0	0	0	0	0	0	0	0	2.7
3045	0	0	0		0	0	0	2	0	0	0	0	0	0	0	0	0	0	0	0	0	0	0	0	0	0	0	0	0	0	0	0	0	2.8
3046	0	0	0		0	0	0	2	0	0	0	0	0	0	0	0	0	0	0	0	0	0	0	0	0	0	0	0	0	0	0	0	0	2.9
3047	0	0	0		0	0	0	2	0	0	0	0	0	0	0	0	0	0	0	0	0	0	0	0	0	0	0	0	0	0	0	0	0	3
3048	0	0	0		0	0	0	2	0	0	0	0	0	0	0	0	0	0	0	0	0	0	0	0	0	0	0	0	0	0	0	0	0	3.5
3049	0	0	0		0	0	0	2	0	0	0	0	0	0	0	0	0	0	0	0	0	0	0	0	0	0	0	0	0	0	0	0	0	4
3050	0	0	0		0	0	0	2	0	0	0	0	0	0	0	0	0	0	0	0	0	0	0	0	0	0	0	0	0	0	0	0	0	4.5
3051	0	0	0		0	0	0	2	0	0	0	0	0	0	0	0	0	0	0	0	0	0	0	0	0	0	0	0	0	0	0	0	0	5
3052	0	0	0		0	0	0	2	0	0	0	0	0	0	0	0	0	0	0	0	0	0	0	0	0	0	0	0	0	0	0	0	0	0.5
3053	0	0	0		0	0	0	2	0	0	0	0	0	0	0	0	0	0	0	0	0	0	0	0	0	0	0	0	0	0	0	0	0	0.6
3054	0	0	0		0	0	0	2	0	0	0	0	0	0	0	0	0	0	0	0	0	0	0	0	0	0	0	0	0	0	0	0	0	0.7
3055	0	0	0		0	0	0	2	0	0	0	0	0	0	0	0	0	0	0	0	0	0	0	0	0	0	0	0	0	0	0	0	0	0.8
3056	0	0	1		0	0	0	2	0	0	0	0	0	0	0	0	0	0	0	0	0	0	0	0	0	0	0	0	0	0	0	0	0	1
3057	0	0	0		0	0	0	2	0	0	0	0	0	0	0	0	0	0	0	0	0	0	0	0	0	0	0	0	0	0	0	0	0	0
3058	0	0	0		0	0	0	2	0	0	0	0	0	0	0	0	0	0	0	0	0	0	0	0	0	0	0	0	0	0	0	0	0	0
3059	0	0	0		0	0	0	2	0	0	0	0	0	0	0	0	0	0	0	0	0	0	0	0	0	0	0	0	0	0	0	0	0	0
3060	0	0	0		0	0	0	2	0	0	0	0	0	0	0	0	0	0	0	0	0	0	0	0	0	0	0	0	0	0	0	0	0	0
3061	0	0	0		0	0	0	2	0	0	0	0	0	0	0	0	0	0	0	0	0	0	0	0	0	0	0	0	0	0	0	0	0	0
3062	0	0	0		0	0	0	2	0	0	0	0	0	0	0	0	0	0	0	0	0	0	0	0	0	0	0	0	0	0	0	0	0	0
3063	0	0	0		0	0	0	2	0	0	0	0	0	0	0	0	0	0	0	0	0	0	0	0	0	0	0	0	0	0	0	0	0	0
3064	0	0	0		0	0	0	2	0	0	0	0	0	0	0	0	0	0	0	0	0	0	0	0	0	0	0	0	0	0	0	0	0	0
3065	0	0	0		0	0	0	2	0	0	0	0	0	0	0	0	0	0	0	0	0	0	0	0	0	0	0	0	0	0	0	0	0	0
3066	0	0	0		0	0	0	2	0	0	0	0	0	0	0	0	0	0	0	0	0	0	0	0	0	0	0	0	0	0	0	0	0	0
0	0	0	0		1	0	0	0	0	1	0	0	0	0	1	0	0	0	0	0	0	0	0	0	0	0	0	0	0	0	0	0	0	1
3012	0	0	0		0	0	0	2	0	0	0	0	0	0	0	0	0	0	0	0	0	0	0	0	0	0	0	0	0	0	0	0	0	1.5
4	10	20	0	eff_front01	0	0	0.5	0	0	2	1	0.5	2	2	99	5	5	100	6	15	0	5.75	1	0	0	0	0	0	0	0	0	0	0	1
6	20	15	0	eff_rangeattack02	0	0	0	0	0	1	3	1	99	0	17	1	1	100	6	0	0	5.75	1	0	0	0	0	0	0	0	0	0	0	1
13	70	15	0	eff_center01	0	0	0	2	0	0.5	3	1	99	0	17	5	5	100	12	0	0	5.75	1	0	0	0	0	0	0	0	0	0	0	1
47	30	20	0	origin	0	0	1	0	0	1	1	0.5	2	2	1	1	1	100	6	0	0	5.75	1	0	0	0	0	0	0	0	0	0	0	1
80	18	33	0	origin	0	0	0	0	0	1	1	0.5	2	2	99	3	3	100	10	0	0	5.75	1	0	0	0	0	0	0	0	0	0	0	1
90	100	30	4	origin	0	0	2	0	0	0.5	3	1	99	0	7	1	1	100	20	0	0	5.75	1	0	0	0	0	0	0	0	0	0	0	1
102	10	30	1	eff_center01	0	0	0	0	0	1	3	1	99	0	99	1	1	100	6	0	0	5.75	1	0	0	0	0	0	0	0	0	0	0	1
130	70	22	0	origin	0	0	0	0	0	1	3	1	99	2	5	1	1	100	12	15	0	5.75	1	0	0	0	0	0	0	0	0	0	0	1
138	15	25	1	eff_headcenter01	0	0	0	0	0	1	1	0.5	3	2	5	1	1	100	7	0	0	5.75	1	0	0	0	0	0	0	0	0	0	0	1
143	70	30	0	origin	0	0	0	0	0	1	3	1	99	2	5	1	1	100	10	0	0	5.75	1	0	0	0	0	0	0	0	0	0	0	1
147	20	30	0	eff_rangeattack02	0	0	0	0	0	1	3	0.5	99	0	99	1	1	100	10	0	0	5.75	1	0	0	0	0	0	0	0	0	0	0	1
155	20	45	0	eff_rangeattack02	0	0	0	0	0	1	3	1	99	0	17	2	2	100	7	0	0	5.75	1	0	0	0	0	0	0	0	0	0	0	1
160	25	20	0	eff_center01	0	0	0	0	0	1	0	0	99	0	99	1	1	100	15	0	0	5.75	1	0	0	0	0	0	0	0	0	0	0	1
161	20	15	0	eff_center01	0	0	0	2	0	1	3	1	99	0	12	3	3	100	7	0	0	5.75	1	0	0	0	0	0	0	0	0	0	0	1
176	15	25	1	eff_center01	0	0	0	0	0	1	0	0.5	3	2	99	1	1	100	15	0	0	5.75	1	0	0	0	0	0	0	0	0	0	0	1
206	10	20	0	eff_front01	0	0	0.5	0	0	2	1	0.5	2	2	99	1	1	100	6	0	0	5.75	1	0	0	0	0	0	0	0	0	0	0	1
207	30	20	1	eff_headcenter01	0	0	0	0	0	1	1	0.5	5	2	99	1	1	100	10	20	0	5.75	1	0	0	0	0	0	0	0	0	0	0	1
246	15	33	0	origin	0	0	0	0	0	1	1	0.5	2	2	99	1	1	100	6	15	0	5.75	1	0	0	0	0	0	0	0	0	0	0	1
252	0	20	2	origin	0	0	0	0	0	2	1	0.5	6.5	2	99	1	1	100	3	0	0	5.75	1	0	0	0	0	0	0	0	0	0	0	1
259	30	20	1	eff_headcenter01	0	0	0	0	0	1	1	0.5	5	2	99	1	1	100	12	0	0	5.75	1	0	0	0	0	0	0	0	0	0	0	1
263	10	20	0	eff_front01	0	0	0.5	0	0	1	1	0.5	1.5	2	99	1	1	100	7	0	0	5.75	1	0	0	0	0	0	0	0	0	0	0	1
295	15	20	0	eff_front01	0	0	0	0	0	1	1	0.5	2	0	7	1	1	100	8	15	0	5.75	1	0	0	0	0	0	0	0	0	0	0	1
296	15	20	0	eff_rangeattack02	0	0	0	0	0	1	3	1	99	0	14	1	1	100	8	15	0	5.75	1	0	0	0	0	0	0	0	0	0	0	1
299	10	20	0	eff_front01	0	0	0.5	0	0	1	1	0.5	2	0	99	1	1	100	7	0	0	5.75	1	0	0	0	0	0	0	0	0	0	0	1
305	10	20	0	eff_front01	0	0	0.3	0	0	2	1	0.5	2	0	99	1	1	100	6	0	0	5.75	1	0	0	0	0	0	0	0	0	0	0	1
307	35	30	5	origin	0	0	0	0	0	0.5	3	1	99	0	99	1	1	100	20	0	0	5.75	1	0	0	0	0	0	0	0	0	0	0	1
308	35	15	0	eff_rangeattack02	0	0	0	0	0	0.5	3	1	99	0	12	1	1	100	20	0	0	5.75	1	0	0	0	0	0	0	0	0	0	0	1
318	15	33	0	origin	0	0	0	0	0	1	1	0.5	2	2	99	1	1	100	6	15	0	5.75	1	0	0	0	0	0	0	0	0	0	0	1
325	1	20	0	eff_front01	0	0	0.5	0	0	2	1	0.5	2	2	99	1	1	100	6	0	0	5.75	1	0	0	0	0	0	0	0	0	0	0	1
329	100	55	0	origin	0	0	0	0	0	0.5	1	0.5	2	2	1	1	1	100	20	0	0	5.75	1	0	0	0	0	0	0	0	0	0	0	1
330	20	70	0	origin	0	0.04	0	0	0	1	1	0	3	2	5	1	1	100	8	15	0	5.75	1	0	0	0	0	0	0	0	0	0	0	1
333	20	30	0	eff_rangeattack02	0	0	0	0	0	1	3	1	99	0	12	5	5	100	6	0	0	5.75	1	0	0	0	0	0	0	0	0	0	0	1
338	35	30	5	origin	0	0	0	0	0	0.5	3	1	99	0	99	1	1	100	20	0	0	5.75	1	0	0	0	0	0	0	0	0	0	0	1
402	15	20	0	eff_rangeattack02	0	0	0	2	0	1	1	1.5	3	0	3	4	4	100	7	0	0	5.75	1	0	0	0	0	0	0	0	0	0	0	1
409	10	20	0	eff_front01	0	0	0.5	0	0	2	1	0.5	2	2	99	1	1	100	7	0	0	5.75	1	0	0	0	0	0	0	0	0	0	0	1
410	0	15	0	eff_rangeattack02	0	0	0	0	0	2	3	1	99	0	99	1	1	100	3	0	0	5.75	1	0	0	0	0	0	0	0	0	0	0	1
443	20	20	0	eff_rangeattack02	0	0	0	0	0	1	3	0.5	99	0	12	1	1	100	8	0	0	5.75	1	0	0	0	0	0	0	0	0	0	0	1
451	30	30	0	eff_rangeattack02	0	0	0	0	0	1	3	0	99	0	19	1	1	100	6	15	0	5.75	1	0	0	0	0	0	0	0	0	0	0	1
458	10	15	0	eff_front01	0	0	0.5	0	0	1	1	0.5	2	2	99	2	2	100	6	0	0	5.75	1	0	0	0	0	0	0	0	0	0	0	1
463	35	30	5	origin	0	0	0	0	0	1	3	1	99	0	99	1	1	100	12	0	0	5.75	1	0	0	0	0	0	0	0	0	0	0	1
464	35	15	0	eff_rangeattack02	0	0	0	0	1	1	3	1	99	0	12	1	1	100	12	0	0	5.75	1	0	0	0	0	0	0	0	0	0	0	1
466	15	33	0	origin	0	0	0	0	0	1	1	0.5	2	2	99	1	1	100	6	15	0	5.75	1	0	0	0	0	0	0	0	0	0	0	1
480	10	20	0	eff_front01	0	0	0.5	0	0	1	1	0.5	2	2	99	1	1	100	7	0	0	5.75	1	0	0	0	0	0	0	0	0	0	0	1
488	20	18	0	origin	0	0	0	0	0	1	1	0	6	0	5	1	1	100	6	8	0	5.75	1	0	0	0	0	0	0	0	0	0	0	1
490	10	20	0	origin	0	0	0	0	0	1	1	0.5	2	0	99	1	1	100	6	8	0	5.75	1	0	0	0	0	0	0	0	0	0	0	1
491	20	20	0	eff_rangeattack02	0	0	0	0	0	1	3	0.5	99	0	25	1	1	100	7	30	0	5.75	1	0	0	0	0	0	0	0	0	0	0	1
503	30	30	0	eff_rangeattack02	0	0	0	0	0	1	3	0	99	0	19	1	1	100	7	0	0	5.75	1	0	0	0	0	0	0	0	0	0	0	1
509	10	20	0	eff_front01	0	0	0.5	0	0	1	1	0.5	2	2	99	1	1	100	6	15	0	5.75	1	0	0	0	0	0	0	0	0	0	0	1
524	20	15	0	eff_rangeattack02	0	0	0	0	0	1	3	1	99	0	12	1	1	100	7	0	0	5.75	1	0	0	0	0	0	0	0	0	0	0	1
530	10	15	0	eff_front01	0	0	0.5	0	0	1	1	0.5	2	2	99	2	2	100	6	0	0	5.75	1	0	0	0	0	0	0	0	0	0	0	1
533	10	20	0	eff_front01	0	0	0.5	0	0	1	1	0.5	2	0	99	1	1	100	8	0	0	5.75	1	0	0	0	0	0	0	0	0	0	0	1
533	10	20	0	eff_front01	0	0	0.5	0	0	1	1	0.5	2	0	99	1	1	100	8	0	0	5.75	1	0	0	0	0	0	0	0	0	0	0	1
546	20	15	0	eff_rangeattack02	0	0	0	0	0	1	3	1	99	0	12	1	1	100	12	0	0	5.75	1	0	0	0	0	0	0	0	0	0	0	1
547	0	60	0	origin	0	0	0	0	0	1	0	0.5	2	0	7	1	1	100	30	0	0	5.75	1	0	0	0	0	0	0	0	0	0	0	1
548	10	20	0	eff_front01	0	0	0.5	0	0	1	1	0.5	2	0	99	1	1	100	8	0	0	5.75	1	0	0	0	0	0	0	0	0	0	0	1
618	50	60	0	eff_rangeattack02	0	0	0	0	0	1	3	1	99	0	19	1	1	100	16	0	0	5.75	1	0	0	0	0	0	0	0	0	0	0	1
619	50	15	5	origin	0	0	0	2	0	1	3	1	99	0	99	1	1	100	16	0	0	5.75	1	0	0	0	0	0	0	0	0	0	0	1
620	20	60	7	origin	0	0	0	0	0	1	1	0.5	8	2	7	1	1	100	20	15	0	5.75	1	0	0	0	0	0	0	0	0	0	0	1
4018	20	60	0	origin	0	0	0	0	0	1	3	1	99	0	99	1	1	100	20	15	0	0	1	0	0	0	0	0	0	0	0	0	0	1
659	25	30	0	eff_center01	0	0	0	0	0	1	0	0	99	0	99	1	1	100	15	0	0	5.75	1	0	0	0	0	0	0	0	0	0	0	1
660	0	20	2	origin	0	0	0	0	0	2	1	0.5	6.5	2	99	1	1	100	6	0	0	5.75	1	0	0	0	0	0	0	0	0	0	0	1
665	15	0	0	origin	0	0	2	0	0	1	1	0.5	2	0	99	1	1	100	10	15	0	5.75	1	0	0	0	0	0	0	0	0	0	0	1
669	70	0	0	eff_rangeattack02	0	0	0	2	0	0.5	3	0	99	0	5	1	1	100	12	0	0	5.75	1	0	0	0	0	0	0	0	0	0	0	1
705	35	60	0	eff_rangeattack02	0	0	0	0	0	1	3	1	99	0	19	1	1	100	10	15	0	5.75	1	0	0	0	0	0	0	0	0	0	0	1
706	10	20	0	eff_front01	0	0	0.3	0	0	2	1	0.5	2	2	99	1	1	100	8	15	0	5.75	1	0	0	0	0	0	0	0	0	0	0	1
708	20	15	0	eff_front01	0	0	0.5	0	0	1	1	0.5	2	0	99	1	1	100	7	15	0	5.75	1	0	0	0	0	0	0	0	0	0	0	1
712	20	15	6	origin	0	0	0	0	0	1	1	0.5	8	0	7	1	1	100	15	15	0	5.75	1	0	0	0	0	0	0	0	0	0	0	1
4033	20	15	6	origin	0	0	0	0	0	1	1	0.5	8	0	99	1	1	100	15	15	0	0	0	0	0	0	0	0	0	0	0	0	0	1
721	10	15	4	origin	0	0	3	0	0	1	1	0.5	3	0	99	1	1	100	10	0	0	5.75	1	0	0	0	0	0	0	0	0	0	0	1
742	10	45	0	eff_center01	0	0	0	0	0	1	1	0.5	2	0	99	2	2	100	10	0	0	5.75	1	0	0	0	0	0	0	0	0	0	0	0.8
753	10	20	0	eff_front01	0	0	0	0	0	1	1	0.5	2	2	99	1	1	100	12	0	0	5.75	1	0	0	0	0	0	0	0	0	0	0	1
783	10	20	0	origin	0	0	0	0	0	1	1	0	6	0	5	1	1	100	15	15	0	5.75	1	0	0	0	0	0	0	0	0	0	0	1
786	12	30	0	origin	0	0	0	0	0	1	1	0.5	2	2	5	1	1	100	8	0	0	5.75	1	0	0	0	0	0	0	0	0	0	0	1
794	35	20	0	origin	0	0	0	0	0	1	1	0	6	2	5	1	1	100	20	0	0	5.75	1	0	0	0	0	0	0	0	0	0	0	1
796	35	45	0	eff_rangeattack02	0	0	0	0	0	1	3	1	99	0	12	1	1	100	20	0	0	5.75	1	0	0	0	0	0	0	0	0	0	0	1
799	20	20	0	eff_rangeattack02	0	0	0	0	0	1	3	0.5	99	0	12	5	5	100	6	15	0	5.75	1	0	0	0	0	0	0	0	0	0	0	1
800	70	45	0	eff_rangeattack02	0	0	0	0	0	1	3	0	99	0	19	1	1	100	12	0	0	5.75	1	0	0	0	0	0	0	0	0	0	0	1
813	10	33	0	origin	0	0	0	0	0	1	1	0.5	1.5	2	99	3	3	100	10	0	0	5.75	1	0	0	0	0	0	0	0	0	0	0	1
814	10	15	0	eff_front01	0	0	0.5	0	0	1	1	0.5	2	2	99	2	2	100	6	0	0	5.75	1	0	0	0	0	0	0	0	0	0	0	1
815	20	15	0	eff_rangeattack02	0	0	0	0	0	1	3	1	99	0	7	1	1	100	7	0	0	5.75	1	0	0	0	0	0	0	0	0	0	0	1
830	10	20	4	origin	0	0	2	0	0	1	1	0.5	1.5	2	99	1	1	100	10	0	0	5.75	1	0	0	0	0	0	0	0	0	0	0	1
4036	30	30	1	origin	0	0	0	2	0	1	3	0.5	99	0	99	1	1	100	10	0	0	0	1	0	0	0	0	0	0	0	0	0	0	1
839	10	20	0	eff_front01	0	0	0	0	0	1	1	0.5	2	0	7	1	1	100	8	0	0	5.75	1	0	0	0	0	0	0	0	0	0	0	1
854	1	20	0	eff_front01	0	0	1	0	0	1	1	0.5	1.5	0	99	1	1	100	8	0	0	5.75	1	0	0	0	0	0	0	0	0	0	0	1
856	20	30	1	origin	0	5	0	2	1	1	3	1	99	0	99	1	1	100	8	15	0	5.75	1	0	0	0	0	0	0	0	0	0	0	1
858	20	20	0	eff_rangeattack02	0	0	0	0	0	1	3	0.5	99	0	14	1	1	100	12	30	0	5.75	1	0	0	0	0	0	0	0	0	0	0	1
862	15	19	0	origin	0	0	0	0	0	1	1	0	6	2	5	1	1	100	12	0	0	5.75	1	0	0	0	0	0	0	0	0	0	0	1
864	20	30	1	eff_center01	0	7	0	0	0	1	3	1	99	0	99	1	1	100	8	0	0	5.75	1	0	0	0	0	0	0	0	0	0	0	1
4001	0	0	0		0	0	0	2	0	0	0	0	99	0	99	1	1	100	0	0	0	0	0	0	0	0	0	0	0	0	0	0	0	1
866	10	20	0	eff_center01	0	0	0	0	0	1	1	0.5	1	2	99	1	1	100	6	15	0	5.75	1	0	0	0	0	0	0	0	0	0	0	1
874	15	15	0	origin	0	0	0	0	0	1	1	0.5	2	0	7	1	1	100	10	15	0	5.75	1	0	0	0	0	0	0	0	0	0	0	0.9
880	10	0	4	eff_rangeattack02	0	0	0	0	0	1	0	0.5	3	2	99	1	1	100	12	0	0	5.75	1	0	0	0	0	0	0	0	0	0	0	1
885	20	18	0	origin	0	0	0	0	0	1	1	0	6	0	5	1	1	100	6	8	0	5.75	1	0	0	0	0	0	0	0	0	0	0	1
886	20	20	0	eff_rangeattack02	0	0	0	0	0	1	3	0.5	99	0	25	1	1	100	7	8	0	5.75	1	0	0	0	0	0	0	0	0	0	0	1
889	1	20	0	eff_front01	0	0	0.5	0	0	2	1	0.5	2	0	99	1	1	100	8	0	0	5.75	1	0	0	0	0	0	0	0	0	0	0	1
890	20	30	0	eff_rangeattack02	0	0	0	0	0	1	3	1	99	0	12	1	1	100	12	15	0	5.75	1	0	0	0	0	0	0	0	0	0	0	1.5
891	15	25	0	eff_front01	0	0	0.5	0	0	1	1	0.5	2	2	99	1	1	100	9	0	0	5.75	1	0	0	0	0	0	0	0	0	0	0	1
893	15	0	0	origin	0	0	2	0	0	1	1	0.5	2	0	99	1	1	100	30	0	0	5.75	1	0	0	0	0	0	0	0	0	0	0	1
1004	10	20	0	eff_front01	0	0	0.5	0	0	2	1	0.5	2	2	99	5	5	100	6	18	0	0	1	2756	2732	2900	2791	0	0	0	0	0	0	1.3
1006	20	15	0	eff_rangeattack02	0	0	0	0	0	1	3	1	99	0	17	1	1	100	6	0	0	0	1	2418	2256	0	0	0	0	0	0	0	0	1.5
1013	50	15	0	eff_center01	0	0	0	2	0	0.5	3	1	99	0	17	5	5	100	12	0	0	0	1	2757	2733	0	0	0	0	0	0	0	0	1.3
1047	30	20	0	origin	0	0	1	0	0	1	1	0.5	2	2	1	1	1	100	6	0	0	0	1	2419	76	0	0	0	0	0	0	0	0	1.5
1080	18	33	0	origin	0	0	0	0	0	1	1	0.5	2	2	99	3	3	100	10	0	0	0	1	2758	2734	0	0	0	0	0	0	0	0	1.3
1090	90	30	4	origin	0	0	2	0	0	0.5	3	1	99	0	7	1	1	100	20	0	0	0	1	2759	102	2909	2800	0	0	0	0	0	0	1.4
1102	5	30	1	eff_center01	0	0	0	0	0	1	3	1	99	0	99	1	1	100	6	0	0	0	1	2420	2257	0	0	0	0	0	0	0	0	1
1130	50	22	0	origin	0	0	0	0	0	1	3	1	99	2	5	1	1	100	12	18	0	0	1	2760	2735	2912	2803	0	0	0	0	0	0	1.3
1138	15	25	1	eff_headcenter01	0	0	0	0	0	1	1	0.5	3	2	5	1	1	100	7	0	0	0	1	2421	126	2480	2301	0	0	0	0	0	0	1.3
1143	50	30	0	origin	0	0	0	0	0	1	3	1	99	2	5	1	1	100	10	0	0	0	1	2761	127	2915	2806	0	0	0	0	0	0	1.3
1147	20	30	0	eff_rangeattack02	0	0	0	0	0	1	3	0.5	99	0	99	1	1	100	10	0	0	0	1	2422	2258	2481	2302	0	0	0	0	0	0	1.4
1155	20	45	0	eff_rangeattack02	0	0	0	0	0	1	3	1	99	0	17	2	2	100	7	0	0	0	1	2423	2259	0	0	0	0	0	0	0	0	1.4
1160	20	20	0	eff_center01	0	0	0	0	0	1	0	0	99	0	99	1	1	100	10	15	0	0	1	2424	2260	0	0	0	0	0	0	0	0	1
1161	20	15	0	eff_center01	0	0	0	2	0	1	3	1	99	0	12	3	3	100	7	0	0	0	1	2762	2736	2918	2809	2919	2810	0	0	0	0	1.3
1176	10	25	1	eff_center01	0	0	0	0	0	1	0	0.5	3	2	99	1	1	100	10	15	0	0	1	2425	2261	0	0	0	0	0	0	0	0	1
1206	1	20	0	eff_front01	0	0	0.5	0	0	2	1	0.5	2	2	99	1	1	100	6	0	0	0	1	511	338	2485	2306	0	0	0	0	0	0	1.3
1207	15	20	1	eff_headcenter01	0	0	0	0	0	1	1	0.5	5	2	99	1	1	100	5	20	0	0	1	2426	146	0	0	0	0	0	0	0	0	1
1246	15	33	0	origin	0	0	0	0	0	1	1	0.5	2	2	99	1	1	100	6	18	0	0	1	2763	2737	0	0	0	0	0	0	0	0	1.5
1252	0	20	2	origin	0	0	0	0	0	2	1	0.5	6.5	2	99	1	1	100	3	0	0	0	1	2764	2738	0	0	0	0	0	0	0	0	1.3
1259	15	20	1	eff_headcenter01	0	0	0	0	0	1	1	0.5	5	2	99	1	1	100	10	0	0	0	1	2427	2262	0	0	0	0	0	0	0	0	1
1263	10	20	0	eff_front01	0	0	0.5	0	0	1	1	0.5	1.5	2	99	1	1	100	7	0	0	0	1	2428	169	2488	2309	0	0	0	0	0	0	1.3
1295	15	20	0	eff_front01	0	0	0	0	0	1	1	0.5	2	0	7	1	1	100	8	18	0	0	1	2429	178	0	0	0	0	0	0	0	0	1.4
1296	15	20	0	eff_rangeattack02	0	0	0	0	0	1	3	1	99	0	14	1	1	100	8	18	0	0	1	2430	179	0	0	0	0	0	0	0	0	1.3
1299	10	20	0	eff_front01	0	0	0.5	0	0	1	1	0.5	2	0	99	1	1	100	7	0	0	0	1	2431	180	2491	2312	0	0	0	0	0	0	1.3
1305	10	20	0	eff_front01	0	0	0.3	0	0	2	1	0.5	2	0	99	1	1	100	6	0	0	0	1	2432	182	2492	2313	0	0	0	0	0	0	1.3
1307	35	30	5	origin	0	0	0	0	0	0.5	3	1	99	0	99	1	1	100	20	0	0	0	1	2765	183	2927	2818	0	0	0	0	0	0	1.3
1308	35	15	0	eff_rangeattack02	0	0	0	0	0	0.5	3	1	99	0	12	1	1	100	20	0	0	0	1	2766	184	2930	2821	0	0	0	0	0	0	1.3
1318	15	33	0	origin	0	0	0	0	0	1	1	0.5	2	2	99	1	1	100	6	18	0	0	1	2767	2739	0	0	0	0	0	0	0	0	1.5
1325	1	20	0	eff_front01	0	0	0.5	0	0	2	1	0.5	2	2	99	1	1	100	6	0	0	0	1	2433	2263	2493	2314	0	0	0	0	0	0	1.3
1329	90	55	0	origin	0	0	0	0	0	0.5	1	0.5	2	2	1	1	1	100	20	0	0	0	1	2768	191	2936	2827	0	0	0	0	0	0	1.4
1330	20	70	0	origin	0	0.04	0	0	0	1	1	0	3	2	5	1	1	100	8	18	0	0	1	2769	2740	0	0	0	0	0	0	0	0	1.3
1333	20	30	0	eff_rangeattack02	0	0	0	0	0	1	3	1	99	0	12	5	5	100	6	0	0	0	1	2770	192	0	0	0	0	0	0	0	0	1.4
1338	35	30	5	origin	0	0	0	0	0	0.5	3	1	99	0	99	1	1	100	20	18	0	0	1	2771	195	2945	2836	0	0	0	0	0	0	1.3
1402	15	20	0	eff_rangeattack02	0	0	0	2	0	1	1	1.5	3	0	3	4	4	100	7	0	0	0	1	2772	2741	2948	2839	0	0	0	0	0	0	1.4
1409	10	20	0	eff_front01	0	0	0.5	0	0	2	1	0.5	2	2	99	1	1	100	7	0	0	0	1	2773	2742	2951	2842	0	0	0	0	0	0	1.3
1410	0	15	0	eff_rangeattack02	0	0	0	0	0	2	3	1	99	0	99	1	1	100	3	0	0	0	1	2774	2743	0	0	0	0	0	0	0	0	1.3
1443	20	20	0	eff_rangeattack02	0	0	0	0	0	1	3	0.5	99	0	12	1	1	100	8	0	0	0	1	2775	2744	2957	2848	0	0	0	0	0	0	1.5
1451	30	30	0	eff_rangeattack02	0	0	0	0	0	1	3	0	99	0	19	1	1	100	6	18	0	0	1	2776	2745	0	0	0	0	0	0	0	0	1.5
1458	10	15	0	eff_front01	0	0	0.5	0	0	1	1	0.5	2	2	99	2	2	100	6	0	0	0	1	2777	2746	2963	2854	2964	2855	0	0	0	0	1.3
1463	35	30	5	origin	0	0	0	0	0	1	3	1	99	0	99	1	1	100	12	0	0	0	1	2434	250	2494	2315	0	0	0	0	0	0	1.2
1464	35	15	0	eff_rangeattack02	0	0	0	0	1	1	3	1	99	0	12	1	1	100	9	0	0	0	1	2435	251	2495	2316	0	0	0	0	0	0	1.4
1466	15	33	0	origin	0	0	0	0	0	1	1	0.5	2	2	99	1	1	100	6	18	0	0	1	2778	2747	0	0	0	0	0	0	0	0	1.5
1480	10	20	0	eff_front01	0	0	0.5	0	0	1	1	0.5	2	2	99	1	1	100	7	0	0	0	1	2779	2748	2969	2860	0	0	0	0	0	0	1.3
1488	20	18	0	origin	0	0	0	0	0	1	1	0	6	0	5	1	1	100	6	11	0	0	1	2436	256	2496	2317	0	0	0	0	0	0	1.2
1490	10	20	0	origin	0	0	0	0	0	1	1	0.5	2	0	99	1	1	100	6	11	0	0	1	2437	257	2497	2318	0	0	0	0	0	0	1.3
1491	20	20	0	eff_rangeattack02	0	0	0	0	0	1	3	0.5	99	0	25	1	1	100	7	33	0	0	1	2780	2749	2972	2863	0	0	0	0	0	0	1.3
1503	30	30	0	eff_rangeattack02	0	0	0	0	0	1	3	0	99	0	19	1	1	100	7	0	0	0	1	2781	2750	0	0	0	0	0	0	0	0	3
1509	10	20	0	eff_front01	0	0	0.5	0	0	1	1	0.5	2	2	99	1	1	100	6	18	0	0	1	2438	2264	2498	2319	0	0	0	0	0	0	1.2
1524	20	15	0	eff_rangeattack02	0	0	0	0	0	1	3	1	99	0	12	1	1	100	7	0	0	0	1	2782	2751	2978	2869	0	0	0	0	0	0	1.3
1530	10	15	0	eff_front01	0	0	0.5	0	0	1	1	0.5	2	2	99	2	2	100	6	0	0	0	1	2783	2752	2981	2872	2982	2873	0	0	0	0	1.3
1533	10	20	0	eff_front01	0	0	0.5	0	0	1	1	0.5	2	0	99	1	1	100	8	0	0	0	1	2439	265	2499	2320	0	0	0	0	0	0	1.3
1533	10	20	0	eff_front01	0	0	0.5	0	0	1	1	0.5	2	0	99	1	1	100	8	0	0	0	1	2559	2380	2499	2320	0	0	0	0	0	0	1.3
1546	20	15	0	eff_rangeattack02	0	0	0	0	0	1	3	1	99	0	12	1	1	100	12	0	0	0	1	2440	2265	2500	2321	2560	2381	2694	2692	2695	2693	1.5
1547	0	60	0	origin	0	0	0	0	0	1	0	0.5	2	0	7	1	1	100	30	0	0	0	1	2441	2266	0	0	0	0	0	0	0	0	1.5
1548	10	20	0	eff_front01	0	0	0.5	0	0	1	1	0.5	2	0	99	1	1	100	8	0	0	0	1	2442	2267	2502	2323	0	0	0	0	0	0	1.3
1618	50	60	0	eff_rangeattack02	0	0	0	0	0	1	3	1	99	0	19	1	1	100	16	0	0	0	1	2443	2268	0	0	0	0	0	0	0	0	1
1619	50	15	5	origin	0	0	0	2	0	1	3	1	99	0	99	1	1	100	16	0	0	0	1	2444	2269	2504	2325	0	0	0	0	0	0	1.3
1620	20	60	7	origin	0	0	0	0	0	1	1	0.5	8	2	7	1	1	100	20	15	0	0	1	2445	302	0	0	0	0	0	0	0	0	1.1
4019	20	60	0	origin	0	0	0	0	0	1	3	1	99	0	99	1	1	100	20	15	0	0	1	2505	2326	0	0	0	0	0	0	0	0	1.1
1659	25	30	0	eff_center01	0	0	0	0	0	1	0	0	99	0	99	1	1	100	15	0	0	0	1	2446	2270	0	0	0	0	0	0	0	0	1
1660	0	20	2	origin	0	0	0	0	0	2	1	0.5	6.5	2	99	1	1	100	6	0	0	0	1	2447	2271	0	0	0	0	0	0	0	0	1.2
1665	15	0	0	origin	0	0	2	0	0	1	1	0.5	2	0	99	1	1	100	10	15	0	0	1	2448	2272	2508	2329	2683	2671	0	0	0	0	1.3
1669	15	0	0	eff_rangeattack02	0	0	0	2	0	0.5	3	0	99	0	5	1	1	100	12	0	0	0	1	2784	305	0	0	0	0	0	0	0	0	1.3
1705	35	60	0	eff_rangeattack02	0	0	0	0	0	1	3	1	99	0	19	1	1	100	10	15	0	0	1	2449	2273	0	0	0	0	0	0	0	0	1.7
1706	10	20	0	eff_front01	0	0	0.3	0	0	2	1	0.5	2	2	99	1	1	100	8	18	0	0	1	2785	309	2987	2878	0	0	0	0	0	0	1.3
1708	20	15	0	eff_front01	0	0	0.5	0	0	1	1	0.5	2	0	99	1	1	100	7	18	0	0	1	2450	2274	2510	2331	0	0	0	0	0	0	1.3
1712	20	15	6	origin	0	0	0	0	0	1	1	0.5	8	0	7	1	1	100	15	18	0	0	1	2451	2275	0	0	0	0	0	0	0	0	1.3
4033	20	15	6	origin	0	0	0	0	0	1	1	0.5	8	0	99	1	1	100	15	18	0	0	0	0	0	0	0	0	0	0	0	0	0	1
1721	10	15	4	origin	0	0	3	0	0	1	1	0.5	3	0	99	1	1	100	10	0	0	0	1	2452	311	2512	2333	0	0	0	0	0	0	1.5
1742	10	45	0	eff_center01	0	0	0	0	0	1	1	0.5	2	0	99	2	2	100	10	0	0	0	1	2453	2276	0	0	0	0	0	0	0	0	1.1
1753	1	20	0	eff_front01	0	0	0	0	0	1	1	0.5	2	2	99	1	1	100	10	0	0	0	1	2454	2277	2514	2335	0	0	0	0	0	0	1.2
1783	10	20	0	origin	0	0	0	0	0	1	1	0	6	0	5	1	1	100	15	18	0	0	1	2455	2278	2515	2336	2575	2396	0	0	0	0	1.2
1786	12	30	0	origin	0	0	0	0	0	1	1	0.5	2	2	5	1	1	100	8	0	0	0	1	2456	2279	0	0	0	0	0	0	0	0	1.4
1794	35	20	0	origin	0	0	0	0	0	1	1	0	6	2	5	1	1	100	20	0	0	0	1	2457	2280	2517	2338	0	0	0	0	0	0	1.2
1796	35	45	0	eff_rangeattack02	0	0	0	0	0	1	3	1	99	0	12	1	1	100	20	0	0	0	1	2458	314	0	0	0	0	0	0	0	0	1.3
1799	20	20	0	eff_rangeattack02	0	0	0	0	0	1	3	0.5	99	0	12	6	6	100	6	18	0	0	1	2459	2281	2519	2340	0	0	0	0	0	0	1
1800	50	45	0	eff_rangeattack02	0	0	0	0	0	1	3	0	99	0	19	1	1	100	12	0	0	0	1	2460	315	0	0	0	0	0	0	0	0	1.3
1813	10	33	0	origin	0	0	0	0	0	1	1	0.5	1.5	2	99	3	3	100	10	0	0	0	1	2786	2753	2990	2881	2991	2882	0	0	0	0	1.3
1814	10	15	0	eff_front01	0	0	0.5	0	0	1	1	0.5	2	2	99	2	2	100	6	0	0	0	1	2461	2282	2521	2342	2581	2402	0	0	0	0	1.3
1815	20	15	0	eff_rangeattack02	0	0	0	0	0	1	3	1	99	0	7	1	1	100	7	0	0	0	1	2462	2283	2522	2343	0	0	0	0	0	0	1.5
1830	10	20	4	origin	0	0	2	0	0	1	1	0.5	1.5	2	99	1	1	100	10	0	0	0	1	2463	2284	2523	2344	2583	2404	3053	3052	0	0	1.3
4037	30	30	1	origin	0	0	0	2	0	1	3	0.5	99	0	99	1	1	100	10	0	0	0	1	607	247	1755	1752	0	0	0	0	0	0	1.3
1839	10	20	0	eff_front01	0	0	0	0	0	1	1	0.5	2	0	7	1	1	100	8	0	0	0	1	2464	2285	0	0	0	0	0	0	0	0	1.4
1854	1	20	0	eff_front01	0	0	1	0	0	1	1	0.5	1.5	0	99	1	1	100	8	0	0	0	1	2525	2346	3018	3008	3020	3010	0	0	0	0	1.3
1856	20	30	1	origin	0	5	0	2	1	1	3	1	99	0	99	1	1	100	8	18	0	0	1	2466	2287	3021	3011	3022	3012	3023	3013	0	0	1.5
1858	20	20	0	eff_rangeattack02	0	0	0	0	0	1	3	0.5	99	0	14	1	1	100	12	33	0	0	1	2467	2288	2527	2348	0	0	0	0	0	0	1.4
1862	15	19	0	origin	0	0	0	0	0	1	1	0	6	2	5	1	1	100	12	0	0	0	1	2468	2289	2528	2349	0	0	0	0	0	0	1.2
1864	20	30	1	eff_center01	0	7	0	0	0	1	3	1	99	0	99	1	1	100	8	0	0	0	1	2469	2290	2529	2350	0	0	0	0	0	0	1.2
4002	0	0	0		0	0	0	2	0	0	0	0	99	0	99	1	1	100	0	0	0	0	0	2589	2410	0	0	0	0	0	0	0	0	1.2
1866	10	20	0	eff_center01	0	0	0	0	0	1	1	0.5	1	2	99	1	1	100	6	18	0	0	1	2470	2291	0	0	0	0	0	0	0	0	1.4
1874	15	15	0	origin	0	0	0	0	0	1	1	0.5	2	0	7	1	1	100	10	15	0	0	1	2471	2292	0	0	0	0	0	0	0	0	1.3
1880	1	0	4	eff_rangeattack02	0	0	0	0	0	1	0	0.5	3	2	99	1	1	100	10	0	0	0	1	2472	2293	0	0	0	0	0	0	0	0	1
1885	20	18	0	origin	0	0	0	0	0	1	1	0	6	0	5	1	1	100	6	11	0	0	1	2787	2754	2993	2884	0	0	0	0	0	0	1.3
1886	20	20	0	eff_rangeattack02	0	0	0	0	0	1	3	0.5	99	0	25	1	1	100	7	11	0	0	1	2788	2755	2996	2887	0	0	0	0	0	0	1.3
1889	1	20	0	eff_front01	0	0	0.5	0	0	2	1	0.5	2	0	99	1	1	100	8	0	0	0	1	2473	2294	2533	2354	2729	2726	2731	2728	0	0	1.3
1890	20	30	0	eff_rangeattack02	0	0	0	0	0	1	3	1	99	0	12	1	1	100	12	15	0	0	1	2474	2295	0	0	0	0	0	0	0	0	2
1891	15	25	0	eff_front01	0	0	0.5	0	0	1	1	0.5	2	2	99	1	1	100	9	0	0	0	1	2475	2296	2535	2356	0	0	0	0	0	0	1.3
1893	15	0	0	origin	0	0	2	0	0	1	1	0.5	2	0	99	1	1	100	25	0	0	0	1	2476	2297	2536	2357	2596	2417	0	0	0	0	1.3